10100 0.0064378735 0.0036861743 0.0036970654 0.0036983166 0.004343983 0.0045617945 0.0038802887 0.0043658987 0.00537981 0.0061887335 0.0075776475 0.0081651835 0.0056478777 0.0041426145 0.0036522523 0.0039317305 0.004213575 0.0037370026 0.0038263113 0.004131969 0.005387014 0.006715645 0.0074226395 0.008250959 
10200 0.0063759503 0.0037493298 0.003754892 0.0037190027 0.0043944265 0.004623753 0.0038890068 0.004401064 0.005372593 0.0063197003 0.0077775936 0.008236946 0.0055612917 0.0041524605 0.0036660421 0.0039709574 0.0042841085 0.0037736257 0.0039042672 0.0041671027 0.005380893 0.006864169 0.007549313 0.008280747 
10214 0.006316964 0.0038231944 0.0037990438 0.0037744564 0.004372949 0.004692617 0.0039285785 0.004433567 0.0053628967 0.006398619 0.007869373 0.008224007 0.0054801335 0.0042355848 0.0037293285 0.0040250337 0.0043716226 0.0038359705 0.004024431 0.004215189 0.005400213 0.0069188355 0.0075476845 0.008272992 
10226 0.006393549 0.0037794095 0.0037699966 0.0037554486 0.004391166 0.004685029 0.0039317645 0.004440532 0.0053953957 0.006383419 0.007849672 0.00826202 0.005547575 0.004193679 0.0036988372 0.0040118145 0.004344345 0.0038214766 0.0039828354 0.0042109913 0.0054298253 0.0069108303 0.007558338 0.008329903 
10240 0.0063788993 0.0037201 0.0037304047 0.003691487 0.0043498147 0.0045563183 0.003838838 0.0043480163 0.0053265607 0.006235208 0.0076654973 0.008183635 0.0055711567 0.004138427 0.00365851 0.003932736 0.00422241 0.0037208623 0.003825995 0.0041121487 0.00533815 0.0067731636 0.007461311 0.008232267 
10300 0.006090597 0.0037153785 0.003754189 0.003660562 0.0042531295 0.0042578275 0.0036025639 0.004152185 0.0050848625 0.0060628653 0.0076490473 0.008078581 0.0054105064 0.0040179603 0.0035520333 0.0038485315 0.004161337 0.003611726 0.0036741756 0.0039336965 0.0050123893 0.006577839 0.0074004503 0.007941786 
10400 0.0056669544 0.0035879198 0.003645384 0.003525378 0.004153488 0.0041746385 0.0034918047 0.0040147933 0.0049235895 0.0058633103 0.007379617 0.0076592187 0.005070244 0.0038117466 0.00341124 0.0037667789 0.004057129 0.0035610844 0.0036251291 0.0038335621 0.004801369 0.0063417642 0.0070810034 0.0074982033 
10410 0.0053011132 0.0034891283 0.0035984863 0.0034132185 0.0040446804 0.004013218 0.0033404606 0.003872473 0.004750243 0.005632245 0.007130915 0.007335736 0.0048161168 0.003657114 0.0033164294 0.003666553 0.0039418153 0.0034759077 0.0035275188 0.0037037625 0.0045555965 0.0060633062 0.0067994427 0.0070780343 
10426 0.0054582637 0.0035480997 0.0036132932 0.0034657968 0.0040644133 0.0040789666 0.0033869247 0.003900315 0.0047874018 0.005708888 0.0071929526 0.007411406 0.004900302 0.0037454676 0.0033829054 0.0037130204 0.0039680833 0.0035003494 0.003549719 0.003740784 0.004651104 0.006161772 0.0068651265 0.007241518 
10500 0.006247498 0.0037302396 0.0036998112 0.0036402575 0.004194464 0.004223897 0.0036291361 0.004143368 0.0050688917 0.005920536 0.0074510756 0.008048531 0.0055981465 0.0040623834 0.0035340637 0.0038393657 0.004105571 0.0036274628 0.0036325154 0.0039279666 0.005048507 0.0064214463 0.0072780238 0.007992126 
10600 0.0061982702 0.0037410231 0.0037708438 0.0036970181 0.004411031 0.0045547993 0.0038175592 0.0043519908 0.005313804 0.0063076974 0.007817583 0.008186635 0.0054507493 0.004065 0.00360952 0.0039443187 0.00428184 0.0037611318 0.0038822717 0.004132806 0.005268388 0.006862293 0.0075775376 0.008146909 
10609 0.0058766995 0.003698868 0.0037580014 0.0036388412 0.0042712283 0.004385695 0.0036443404 0.0041422555 0.0050749984 0.006071954 0.007598587 0.007856552 0.005204267 0.0039534117 0.0035923682 0.0038867977 0.0041601993 0.003682614 0.003773237 0.0039723837 0.005000395 0.0065812734 0.0072893235 0.0077910493 
10614 0.00610778 0.0037499138 0.0037535774 0.0036882635 0.0043024416 0.0045651924 0.0038226366 0.004347952 0.0052676615 0.0062654307 0.007736278 0.008039726 0.005334996 0.0040917173 0.0036394806 0.003940607 0.0042718505 0.0037669297 0.0039337846 0.0041479766 0.0052649267 0.0067846132 0.0074294633 0.008038327 
10626 0.0061380197 0.003762567 0.0037813855 0.0037130977 0.0043878104 0.0045711533 0.003817889 0.0043393355 0.00528415 0.0062881033 0.0077898153 0.008112149 0.0053877244 0.004088125 0.0036396524 0.003965033 0.004290954 0.0037777135 0.003911156 0.0041352925 0.0052481405 0.0068258103 0.0075085782 0.008089542 
10650 0.006127321 0.0037583704 0.0037738944 0.0037109717 0.004377389 0.0045812377 0.0038243812 0.0043446654 0.005289371 0.0062927785 0.0077999607 0.008115127 0.005372781 0.0040820204 0.003633717 0.003968945 0.0043003503 0.0037841927 0.0039231116 0.0041443924 0.005252453 0.0068278927 0.007511468 0.008098411 
20700 0.006306401 0.0037323234 0.0037359104 0.003684355 0.004311333 0.004410147 0.0037560554 0.004279372 0.0052466686 0.006129264 0.0076241414 0.008163166 0.0055918423 0.0040975777 0.0035998495 0.003906159 0.004191415 0.003695711 0.0037530125 0.0040545785 0.0052228705 0.006658198 0.007448869 0.008137059 
20718 0.0063484004 0.0037388986 0.0037486493 0.0037073004 0.004339765 0.004441304 0.0037807133 0.0043178718 0.0052875793 0.006164382 0.0076605123 0.0082132295 0.005630407 0.004100314 0.0036114228 0.0039319512 0.0042183725 0.0037238828 0.0037770567 0.0040934375 0.0052640084 0.0066969725 0.0074863 0.008191997 
20729 0.0063447086 0.003727767 0.0037508272 0.0036954544 0.0043660277 0.0045189722 0.0038147962 0.0043386077 0.0053224573 0.0062286034 0.0076849936 0.008196729 0.0055809016 0.0041140933 0.0036433332 0.0039344616 0.004223432 0.0037227385 0.0038061638 0.0041083214 0.005307016 0.0067761056 0.0075095124 0.008202837 
20740 0.006345636 0.0037568912 0.003774194 0.0037175154 0.004388437 0.0045405403 0.003823827 0.00435173 0.0053359685 0.0062589613 0.007725635 0.008221563 0.005577363 0.0041478747 0.0036664505 0.0039515337 0.0042417394 0.0037317788 0.0038225055 0.004120658 0.0053167273 0.0068109063 0.0075429743 0.0082249455 
20800 0.0062777987 0.0035791558 0.003580351 0.0035921007 0.004262578 0.004400886 0.003767379 0.00425995 0.0052775266 0.0060550645 0.0074754125 0.008063707 0.0055783126 0.003947303 0.003446555 0.0038537504 0.0041409833 0.0036803992 0.0037195843 0.0040430916 0.0052521266 0.00658522 0.0073680826 0.008093393 
30900 0.0067097894 0.0041881045 0.004142838 0.004026436 0.0041992655 0.004806157 0.004417363 0.0049102744 0.0061534485 0.006896427 0.007918356 0.007961283 0.005215464 0.0046846624 0.004139704 0.0045220726 0.0047155577 0.004060337 0.004655744 0.0048273574 0.0059759608 0.00718473 0.0075771776 0.008503014 
30923 0.0065178964 0.003973511 0.004002532 0.0039527137 0.0041666958 0.00474003 0.0043652975 0.004861818 0.006038475 0.0068065333 0.007787906 0.0077872216 0.005106017 0.0044618067 0.0039536543 0.004440463 0.0046202866 0.0039666668 0.0045678224 0.0047296784 0.0058680763 0.007081864 0.0074564884 0.008283428 
31000 0.007197914 0.004449567 0.004171545 0.004108123 0.0043168617 0.0047818073 0.004257317 0.0047847442 0.006132464 0.0069394046 0.008148435 0.008415269 0.0056455666 0.0049777515 0.0043159802 0.004518398 0.004696754 0.0041714907 0.0045928336 0.0048020897 0.0060857628 0.0073129483 0.0077905185 0.008951472 
31023 0.007154887 0.0044294316 0.0041645053 0.004116403 0.004264277 0.004688301 0.0042002406 0.004738527 0.006102101 0.0069019827 0.008101536 0.008354758 0.005582566 0.004944553 0.004297653 0.0045256694 0.0046527474 0.00410786 0.004552477 0.004771921 0.0060353824 0.0072660595 0.007749119 0.008878004 
31046 0.0071802135 0.0043351585 0.0040850746 0.004062134 0.0043604122 0.0048018293 0.0042289617 0.0047741095 0.0060529774 0.0069270106 0.008181367 0.008498583 0.0057003913 0.0048746658 0.004224661 0.0044497037 0.004666293 0.004137076 0.004509864 0.0047391225 0.0060604746 0.007308495 0.007817947 0.008988857 
41100 0.0064615426 0.0036365304 0.0036513114 0.0037053018 0.004317866 0.0046126554 0.003935639 0.0044068 0.0054422384 0.0061932816 0.007483501 0.008056331 0.0056315 0.0041402667 0.003653757 0.0039150296 0.0042289984 0.003762372 0.0038632075 0.0041747843 0.0054415087 0.0067057344 0.0073283045 0.008246789 
41200 0.0063480744 0.003470906 0.0035035356 0.0036071779 0.004203492 0.0045377575 0.0038711678 0.004357051 0.0054079853 0.0061019664 0.0072485358 0.007797208 0.0055035097 0.0039783223 0.0035192608 0.003803873 0.0041405545 0.0036722636 0.0037819147 0.0041161743 0.0053604515 0.0065770024 0.0071308156 0.008072366 
41300 0.0063964827 0.0035654688 0.0035706044 0.0036686114 0.00425361 0.0046564364 0.0039688046 0.0044461247 0.005486773 0.0061801076 0.0072275572 0.0077447924 0.0054871202 0.0040961113 0.0036373592 0.0038669559 0.004205584 0.0037412914 0.0038857132 0.004191941 0.0054380423 0.0066196783 0.007085513 0.008091595 
41400 0.0065970486 0.003699724 0.0037036238 0.0037577825 0.0044020354 0.0047544567 0.0040322407 0.0045128046 0.0055133314 0.006354673 0.007708519 0.008234559 0.0056828414 0.0041869828 0.0037083193 0.004001938 0.0043423073 0.0038568573 0.0039925636 0.004267996 0.0055511724 0.006864957 0.007454485 0.0084425425 
41403 0.006727347 0.0038022546 0.0037257941 0.0038139378 0.0044057593 0.0048431284 0.0041067046 0.004572332 0.005568094 0.0064410367 0.0077278866 0.008223928 0.005677167 0.0043225284 0.0037812053 0.004068615 0.0044197394 0.00393254 0.0041065714 0.0043394323 0.0056356667 0.006920291 0.007413087 0.008526485 
41408 0.0066761025 0.0037322566 0.0037000042 0.003795266 0.0044247345 0.00484773 0.00409607 0.0045871474 0.0055838353 0.0064615724 0.0077870414 0.008260321 0.0056647467 0.004238158 0.0037327884 0.0040541473 0.0044190073 0.0039179293 0.004078991 0.0043419097 0.0056464416 0.0069548306 0.00746181 0.008537104 
41422 0.00667609 0.0037198195 0.0037191343 0.003791363 0.00443542 0.004860932 0.0041024764 0.0045897462 0.0055735772 0.0064560096 0.0078100306 0.00828906 0.005682511 0.004224241 0.0037504612 0.0040485687 0.004416259 0.0039160987 0.004078035 0.0043350575 0.0056381277 0.00695691 0.0074763685 0.0085522765 
41436 0.0066320817 0.003699225 0.003700155 0.0037714553 0.0044244393 0.0048161675 0.004074824 0.004550898 0.00554563 0.0064020366 0.0077501824 0.008255244 0.0056815925 0.0041928943 0.0037145503 0.0040233224 0.0043855812 0.0038938527 0.0040409025 0.004301543 0.0055938615 0.006907804 0.007460634 0.008494538 
41441 0.006627145 0.0037142346 0.003728742 0.0037788644 0.004425795 0.004808619 0.004070517 0.0045387396 0.005523597 0.006379698 0.0077519985 0.008263394 0.0056897043 0.0042008273 0.0037388823 0.0040307306 0.0043769055 0.0038923228 0.0040407707 0.004288852 0.00557542 0.0068869116 0.0074643805 0.008479123 
41500 0.0067107747 0.003838861 0.0037275308 0.0037931986 0.0043343767 0.0048046703 0.004101808 0.004575051 0.005649739 0.0063907704 0.0074649337 0.007963737 0.0056249285 0.0043565826 0.003824248 0.004063667 0.0043793735 0.0039303326 0.004108046 0.004365303 0.0056578717 0.006822494 0.007261356 0.008417009 
41516 0.0068031237 0.0038501527 0.0037678722 0.0038201655 0.004399874 0.004872375 0.004156463 0.0046346635 0.0057040197 0.0065066013 0.007675422 0.008166785 0.0056826556 0.0043730703 0.0038648285 0.0041046147 0.0044586016 0.0039923824 0.00418186 0.0044316533 0.0057381373 0.0069579193 0.0074220705 0.008583219 
41539 0.0068793637 0.0039011154 0.0037655968 0.0038341642 0.004394848 0.004874433 0.004158122 0.0046365336 0.0057183723 0.0065216827 0.007699393 0.008183257 0.005704874 0.004421254 0.0038678637 0.004133831 0.004480474 0.0040138196 0.004214099 0.004449348 0.0057669883 0.0069673336 0.0074294414 0.008623864 
41626 0.0050332835 0.0032401825 0.0033655777 0.0031947058 0.0039651715 0.0039555877 0.003271143 0.0037932452 0.004618529 0.005453254 0.006826076 0.0069457553 0.004554729 0.0033386257 0.0030573376 0.0035479553 0.0038601556 0.0034709314 0.0034483734 0.0036245887 0.0043957336 0.005844412 0.0065151122 0.0067878175 
51600 0.0045806183 0.0028588932 0.003024648 0.0028737655 0.0039257915 0.003918329 0.0032262348 0.0037048976 0.004469784 0.0052183806 0.006439844 0.006467219 0.004141142 0.0028311126 0.0026378282 0.0034044466 0.0038153038 0.0035139725 0.0033907022 0.003541694 0.00418022 0.0055555915 0.006164835 0.0064204014 
51610 0.004978888 0.003211452 0.003354492 0.0031555896 0.003964481 0.0039334367 0.0032525607 0.0037703868 0.0046013696 0.0054272087 0.0068049473 0.0069309208 0.004518302 0.0032960926 0.0030282582 0.0035294183 0.003856603 0.0034666825 0.0034275786 0.0036034996 0.0043525267 0.005811216 0.0064987577 0.006762563 
51624 0.004829368 0.0031041298 0.0032268113 0.0030601146 0.003941525 0.003973472 0.003278908 0.0037694054 0.004579654 0.0053700716 0.0066887075 0.006754459 0.004353267 0.0031475956 0.0029125279 0.0034882284 0.0038375363 0.0035009927 0.0034514824 0.0036054498 0.0043210266 0.0057429136 0.0063826684 0.006669134 
51625 0.0047161677 0.002996532 0.00316327 0.002978925 0.0039525 0.0039425935 0.003242831 0.0037302612 0.0045022853 0.005272978 0.0065299943 0.0065786154 0.0042665424 0.003016234 0.0028101732 0.0034545558 0.0038373943 0.0035246336 0.003416009 0.00356402 0.004226207 0.0056161573 0.0062416773 0.0065106237 
51627 0.0048985425 0.0031408626 0.0032672496 0.003106294 0.00394602 0.003959075 0.003269446 0.0037733568 0.004584646 0.0053923153 0.006722675 0.006803644 0.0044227783 0.0032027173 0.0029511822 0.0035078344 0.0038418886 0.003486141 0.0034439713 0.0036071688 0.0043436964 0.00577027 0.006418203 0.0066930805 
51700 0.004430408 0.002764749 0.0029401076 0.0028281023 0.0039142184 0.0039710756 0.0032819414 0.003748218 0.0044980305 0.005217808 0.0063556666 0.0063053626 0.0039817384 0.0027151485 0.0025812683 0.003397427 0.0038112544 0.0035681971 0.0034393729 0.0035820873 0.004197275 0.0055466034 0.006097746 0.0063405815 
51719 0.0045938073 0.0029232968 0.0030251523 0.002929119 0.003866461 0.0039490378 0.0032480038 0.0037279741 0.004533683 0.005304571 0.0065693175 0.006529827 0.0041138413 0.0029165407 0.0027111748 0.0034037747 0.0037692362 0.003469001 0.0034165091 0.0035609654 0.0042584254 0.005671726 0.006266614 0.006505104 
51724 0.0048513105 0.0031147408 0.0032223617 0.0030784078 0.003916851 0.003962464 0.0032579042 0.003756704 0.004560394 0.005363247 0.006671398 0.006727631 0.0043555014 0.003167715 0.0029345676 0.0034880938 0.0038153061 0.0034780998 0.003430071 0.0035878513 0.0043217083 0.0057381727 0.006362672 0.006664066 
51727 0.0049972073 0.003225506 0.0033448401 0.0031842834 0.003953806 0.00397493 0.0032851754 0.003799836 0.004634834 0.0054595494 0.0068256687 0.0069332034 0.0045036 0.0033149067 0.003059616 0.0035456182 0.0038539076 0.003473868 0.0034583502 0.0036365956 0.0044096117 0.0058550644 0.006507923 0.0068117874 
51800 0.0057207984 0.0036228504 0.003618417 0.0035872534 0.0040069195 0.004391033 0.0036679348 0.004152956 0.0050203716 0.0060007935 0.007428426 0.007626017 0.0049471916 0.003948859 0.0035186529 0.0038672844 0.004160988 0.003635911 0.003842806 0.0039836843 0.005046916 0.0064489483 0.0070511224 0.007638224 
51817 0.0057911105 0.0036534308 0.0036524816 0.0036149158 0.004054624 0.0043949056 0.0036637043 0.0041467994 0.0050214254 0.0060334215 0.007502908 0.0077152583 0.0050244993 0.0039708503 0.0035416267 0.0038865376 0.004172206 0.0036516776 0.0038321714 0.0039787963 0.005051048 0.006492951 0.007126051 0.007718698 
51821 0.006180906 0.0038099184 0.0037759943 0.0037472595 0.004199318 0.004549044 0.0037901911 0.0042773383 0.0051795505 0.006246593 0.0077325073 0.008045511 0.0053539234 0.004207685 0.003708923 0.0040146615 0.0043032067 0.0037412362 0.003929666 0.004083332 0.0052426825 0.006722936 0.0073557924 0.008096122 
51832 0.005502527 0.0035381673 0.0035361338 0.003493435 0.0038720388 0.004242529 0.0035233682 0.0040121404 0.0048649977 0.0058284625 0.007273452 0.0074122916 0.0047572046 0.00381651 0.0034157697 0.0037661297 0.004048379 0.0035419818 0.0037144057 0.003866042 0.0048862332 0.0062646964 0.006882683 0.007396009 
51849 0.0056799124 0.0036094447 0.0036135023 0.0035873342 0.00400485 0.0044282824 0.0037193052 0.004215039 0.005093899 0.0060101696 0.007344075 0.00749981 0.004897334 0.0039567524 0.003530083 0.003881285 0.004170539 0.0036453456 0.0038855495 0.0040379753 0.005098991 0.006455858 0.0070104413 0.0075228657 
51900 0.004182755 0.0027005647 0.0028773625 0.0028245826 0.0036328377 0.004046272 0.0033700315 0.003861665 0.0045547104 0.005090832 0.0061549484 0.0058806697 0.003682421 0.0027826724 0.002665402 0.0032642612 0.0036915208 0.0034088392 0.0035220725 0.0036309068 0.0042929426 0.0054241903 0.0058102002 0.0059870114 
51915 0.0045757596 0.002993388 0.0030935744 0.003033205 0.0036998866 0.004131497 0.0034304855 0.00393116 0.0046705683 0.005303512 0.0064837467 0.006329242 0.0040032878 0.003145165 0.0029202385 0.003405044 0.0037898428 0.0034517986 0.0035979832 0.0037177037 0.00447387 0.0056711175 0.0061061718 0.006385861 
51933 0.004289672 0.0028160687 0.0029774096 0.002896576 0.0036390985 0.004068941 0.0033708124 0.0038686073 0.004571608 0.00510852 0.0061990027 0.0059602545 0.0037653393 0.0029459035 0.0027910238 0.003302038 0.0037086336 0.003402017 0.0035305608 0.0036371166 0.004314803 0.0054459865 0.0058362717 0.0060592806 
52000 0.0057691126 0.003650002 0.0036529896 0.0036003985 0.0040833727 0.0043894965 0.003661682 0.004145057 0.0050255368 0.006021925 0.0074871485 0.007696851 0.005023364 0.0039524515 0.0035302427 0.0038716323 0.004163099 0.0036563235 0.0038252955 0.0039776475 0.0050328425 0.0064880517 0.007119304 0.007688035 
52004 0.005460122 0.0035599775 0.0035730216 0.0034764882 0.004007943 0.0041853483 0.0034798286 0.003992277 0.004858447 0.0057885926 0.0072371997 0.007380627 0.004821905 0.0037673817 0.0033970464 0.0037434902 0.004006257 0.0035604162 0.0036599627 0.0038540561 0.0047935564 0.006239374 0.0068660774 0.007310459 
52017 0.005823933 0.003683931 0.0036803016 0.0036245987 0.0040957574 0.0044037635 0.0036719977 0.0041526267 0.0050407574 0.0060485173 0.007533115 0.007751002 0.0050704894 0.003996348 0.0035627855 0.0038938026 0.0041831313 0.0036651315 0.0038346983 0.0039860434 0.0050461967 0.0065162117 0.0071637766 0.0077443495 
52021 0.0059262333 0.003712903 0.0037011483 0.0036452515 0.004164861 0.00444546 0.0037091004 0.0042165187 0.0051090885 0.006102876 0.007553522 0.0078092893 0.005167152 0.004041982 0.0035909293 0.0039024316 0.0041987705 0.0036907613 0.0038498351 0.0040362035 0.00511773 0.006586204 0.007206357 0.0078072883 
52035 0.0053931465 0.0035387548 0.0035664667 0.0034755608 0.003942616 0.0042099804 0.0035000534 0.0039938255 0.0048474884 0.0057572117 0.0071716895 0.007280237 0.0047212294 0.0037724418 0.0034134488 0.0037456146 0.0040116776 0.0035563302 0.003684329 0.0038508235 0.004797075 0.0061967145 0.0067951125 0.0072343517 
52100 0.004572415 0.0029504464 0.0030622296 0.0029918745 0.003810402 0.0041079554 0.003398651 0.0038997512 0.0046705375 0.005339466 0.0065601547 0.006429157 0.0040325588 0.003009589 0.0028417832 0.0034149939 0.0037968904 0.0035052863 0.0035652975 0.0037006685 0.004423663 0.005715606 0.0062071085 0.006465646 
52101 0.0045675775 0.0029471593 0.0030404986 0.0029703763 0.003836512 0.00405045 0.0033353157 0.0038327328 0.0046254443 0.0053275856 0.0065665566 0.0064748954 0.0040423297 0.002969708 0.0027986628 0.0034111373 0.0037754264 0.0034941034 0.0035034108 0.0036473032 0.0043633943 0.0057049226 0.0062272376 0.0064953803 
52104 0.0050412198 0.0032800126 0.0033558083 0.0032727944 0.003960268 0.0041479357 0.0034338275 0.003929694 0.0047701746 0.005596991 0.006953213 0.0069802366 0.004458695 0.0034073796 0.003147993 0.003616138 0.0039296253 0.003550115 0.003608246 0.0037730045 0.0046090716 0.0060165143 0.0065933787 0.0069458494 
52121 0.004908705 0.0031802293 0.0032523242 0.003181456 0.0038607083 0.0041355793 0.003419473 0.0039311373 0.004723654 0.0054811276 0.0067632454 0.006724362 0.0043210397 0.0033078073 0.0030607523 0.00353228 0.003864831 0.003520088 0.0035925866 0.0037476846 0.0045495327 0.005877958 0.0064000404 0.006727333 
52135 0.0050882827 0.0033366568 0.003391733 0.0032987767 0.0038415007 0.004121841 0.0034101258 0.003904924 0.004716645 0.0055459607 0.006892736 0.006930907 0.0044615055 0.0035236632 0.0032277452 0.0036037294 0.003892653 0.0034891544 0.0035894313 0.003741828 0.0046072877 0.0059567695 0.006517098 0.006910561 
52145 0.004247816 0.0027268736 0.002905054 0.0028249295 0.0037977467 0.004126369 0.0034642252 0.0039493265 0.0046456186 0.0052176793 0.006272613 0.0060140686 0.0037512975 0.0027449129 0.0026583993 0.0033467321 0.0037807452 0.0035837553 0.003598939 0.0037249965 0.004341844 0.0055551426 0.005960431 0.006123965 
52200 0.006320396 0.0038295463 0.003771163 0.003789222 0.0042627607 0.0046823085 0.0039659324 0.0044383686 0.0053775315 0.0063861725 0.0077934824 0.00811592 0.0053892112 0.0042851237 0.0037561692 0.0040754476 0.0043828064 0.0038406635 0.0040906915 0.0042401664 0.00544108 0.0068514845 0.0074460865 0.008219967 
52221 0.006400569 0.0038333305 0.0037814598 0.003802197 0.0043015075 0.0046929168 0.0039440934 0.0044213915 0.005344356 0.006365386 0.00781138 0.008178883 0.0054805786 0.0042893286 0.0037621974 0.0040702503 0.004381194 0.00383365 0.0040482655 0.0042064334 0.0054259896 0.0068423897 0.0074424483 0.0082952855 
52249 0.0062952875 0.0038462256 0.0037840207 0.003801702 0.004259078 0.0047037317 0.0039962176 0.00446765 0.0054178936 0.0064077233 0.0077846977 0.008092006 0.005361034 0.004310477 0.0037773848 0.00408774 0.004393774 0.0038548976 0.0041243923 0.0042725266 0.005468635 0.006873995 0.007458373 0.008189865 
52300 0.004430811 0.002787442 0.002932432 0.0028443036 0.0038795546 0.004001857 0.0033061793 0.0037852356 0.004547748 0.0052465172 0.006405128 0.006311734 0.0039561293 0.002743101 0.0026186707 0.003381947 0.003783124 0.0035516475 0.003464439 0.003608622 0.0042425385 0.00558998 0.006126282 0.0063594375 
52301 0.004579403 0.0029386117 0.0030367451 0.0029699975 0.0038429927 0.0040372843 0.003322561 0.0038252394 0.00461874 0.0053264988 0.006571035 0.006476969 0.0040542334 0.0029506183 0.0027931666 0.0034128204 0.0037729493 0.0034917356 0.0034909274 0.0036400696 0.0043482636 0.0057032877 0.0062371497 0.0064977054 
52304 0.004625646 0.0029614205 0.0030526726 0.0029814402 0.0038595002 0.004018931 0.003303941 0.003802755 0.0046016825 0.0053366884 0.0066002943 0.006537852 0.004104158 0.0029702517 0.0027999613 0.0034223392 0.0037748842 0.0034904135 0.0034725138 0.0036228378 0.004334444 0.0057134153 0.0062687094 0.0065494226 
52309 0.004743072 0.003046187 0.0031305503 0.003043372 0.0038825488 0.0040086526 0.003290952 0.003786043 0.004588249 0.0053603193 0.0066439454 0.0066169463 0.004216043 0.0030791552 0.0028833398 0.0034571546 0.003789609 0.0034849069 0.003460163 0.003609851 0.0043428997 0.005742643 0.0063190693 0.0066096312 
52319 0.0046270094 0.002942689 0.003058291 0.0029459258 0.0038852366 0.0039903237 0.003274582 0.0037659537 0.004550247 0.005300144 0.006550273 0.006500972 0.004127863 0.0029428452 0.0027698858 0.003417162 0.0037853639 0.0035026849 0.0034442646 0.003589917 0.0042758854 0.0056619304 0.006237303 0.006496374 
52400 0.0041994043 0.0026455917 0.0028383762 0.0027695654 0.003846944 0.0040347483 0.003398349 0.0038581176 0.0045664916 0.00521606 0.006191753 0.0059963875 0.0037475121 0.002589121 0.002526387 0.0033696822 0.0037742814 0.0036408051 0.0035174892 0.0036660593 0.004235384 0.0055346284 0.0059743975 0.006144172 
52401 0.004353047 0.0027627882 0.0028969343 0.0028355776 0.0038633244 0.0040687523 0.0033657744 0.0038621228 0.004631559 0.0052788137 0.006431447 0.0062452885 0.0038583977 0.0026996362 0.0026180143 0.003370585 0.0037716026 0.0035710346 0.003527333 0.0036673218 0.004298714 0.005632516 0.0061355317 0.0063190255 
52420 0.004281919 0.0027350388 0.0028856501 0.002834693 0.0038583607 0.004107941 0.0034301074 0.00391833 0.0046585933 0.005268424 0.0063523506 0.006129385 0.0037972287 0.0026929532 0.002605016 0.003380394 0.0037927174 0.0036041993 0.0035788924 0.0037134557 0.0043353317 0.0056144595 0.006069046 0.006229315 
52448 0.0042301444 0.002680833 0.002880732 0.002801679 0.0038684753 0.0040578814 0.0034156577 0.0038651729 0.0045650504 0.005222448 0.006194038 0.0060104337 0.0037699167 0.0026455135 0.00258317 0.0033939583 0.0037906605 0.0036654514 0.0035332153 0.003671726 0.0042350125 0.0055402857 0.00597804 0.0061595785 
52500 0.0040832213 0.0026027414 0.0028118182 0.0027639738 0.0037856142 0.0040617776 0.0034444854 0.0039058086 0.0045899837 0.005177926 0.0061285966 0.005855045 0.0036257382 0.0025801677 0.00253342 0.0033273995 0.0037572733 0.0036133234 0.0035574 0.0036957539 0.004276091 0.005497074 0.0058811973 0.0060011577 
52520 0.0043045324 0.0027538526 0.0029025062 0.0028502608 0.0038391624 0.0041132127 0.0034111992 0.0039054898 0.004656046 0.0052435403 0.006381394 0.006178971 0.0038073433 0.0027195455 0.0026380974 0.0033636985 0.003778662 0.0035616348 0.0035738663 0.003696921 0.0043319818 0.005599217 0.006063627 0.006251598 
52531 0.004205779 0.0026929784 0.0029065805 0.0028441937 0.0038132027 0.0040737046 0.0034444092 0.003911051 0.0045871353 0.005207846 0.0061830278 0.005930617 0.0037242079 0.0027070309 0.0026499769 0.003384549 0.0037791173 0.0036303634 0.003554838 0.0036964512 0.0042831674 0.0055260425 0.005925242 0.0060744947 
52545 0.0041898196 0.0026969374 0.0028888825 0.0028098812 0.0037853962 0.0041060983 0.003463287 0.003934412 0.0046161055 0.0051955464 0.0062062084 0.0059345467 0.003702114 0.0027167099 0.0026424974 0.003335889 0.0037701062 0.0035946507 0.0035872576 0.0037114248 0.004315346 0.0055239876 0.005914065 0.0060571367 
52600 0.0048354906 0.0031072001 0.0031646732 0.0031328457 0.003742109 0.004119929 0.003418568 0.0039086277 0.0047083744 0.005482349 0.0067747193 0.006708946 0.004219906 0.003262572 0.0029809342 0.0034908948 0.0038481422 0.00345853 0.003597181 0.0037333039 0.0045815315 0.005879365 0.006405228 0.0067242165 
52615 0.0050027976 0.003250717 0.0033025013 0.0032637261 0.003762651 0.0041820467 0.003477589 0.0039645466 0.0047689523 0.0055745556 0.0068699108 0.006858888 0.004348004 0.0034707603 0.0031558392 0.0035805306 0.003918863 0.003482446 0.0036673385 0.003791091 0.0046915454 0.005974229 0.0064954464 0.006870407 
52617 0.005438971 0.0035196731 0.003540551 0.0034852542 0.0039114826 0.0042281663 0.0035181993 0.003995768 0.004851187 0.005811998 0.007263541 0.007379999 0.004733601 0.0037611073 0.0033904673 0.0037658375 0.0040404005 0.0035537814 0.0037142183 0.0038547085 0.004848927 0.0062520597 0.0068776617 0.0073427996 
52632 0.0053594653 0.0034612527 0.0034799161 0.003425557 0.0037937535 0.004151394 0.0034369268 0.0039327773 0.0047817132 0.0057228943 0.0071666534 0.0072798436 0.0046371385 0.003712638 0.0033504532 0.0036978005 0.003969489 0.0034772889 0.0036296367 0.0037949362 0.004784014 0.006151049 0.006775899 0.007251679 
52635 0.0051243044 0.0033108972 0.003361034 0.003298644 0.003821361 0.0041317097 0.0034285425 0.003915477 0.004742086 0.005614458 0.0069932286 0.0070299595 0.0044744425 0.0035015782 0.0031905405 0.0036143782 0.003917306 0.003482293 0.0036141332 0.0037613858 0.0046735737 0.00603284 0.0066159135 0.007007983 
52649 0.005147031 0.0033292642 0.003366575 0.0033217275 0.0037758348 0.004175987 0.003473779 0.0039935303 0.004820131 0.0056362436 0.0069274427 0.0069213207 0.004467151 0.0035652511 0.0032243708 0.003636976 0.0039442917 0.0034711128 0.0036569145 0.0038290073 0.0047612647 0.006047488 0.0065749623 0.0069228746 
52700 0.005283936 0.0034101002 0.0034720672 0.0033681628 0.004049736 0.0041219597 0.0034069277 0.0039025857 0.0047709565 0.005674078 0.007109 0.007237383 0.0047140615 0.0035483928 0.003251578 0.00368079 0.0039578974 0.0035445727 0.0035758144 0.0037523974 0.0046272706 0.0061136666 0.0067643407 0.007158562 
52709 0.0054426063 0.0035128978 0.0035644183 0.0034616117 0.0040796907 0.0042069065 0.0034871977 0.0039883046 0.004868267 0.005795404 0.0072469576 0.007398924 0.004822455 0.0037029563 0.0033790143 0.0037455163 0.0040192646 0.0035806836 0.0036492 0.0038373775 0.0047649937 0.0062535903 0.006897465 0.0073365583 
52714 0.0058641764 0.0036936358 0.0036874379 0.0036083502 0.004177259 0.004403656 0.0036768962 0.0041935784 0.005085598 0.0060632788 0.007525555 0.007771605 0.0051425295 0.0039855875 0.0035452629 0.003860991 0.004157256 0.0036740904 0.0038146637 0.0040177475 0.0050634514 0.0065564774 0.007194403 0.007739645 
52724 0.005475184 0.0035568182 0.00361876 0.0034695913 0.0040765805 0.0041076 0.003397155 0.0039044288 0.0047945087 0.0057323663 0.0072258157 0.0074207312 0.004900779 0.0037395246 0.0034070848 0.0037365025 0.003982521 0.0035267 0.0035614457 0.0037549192 0.004661729 0.0061845244 0.0068830904 0.0072970553 
52727 0.0053188405 0.0034733645 0.0035461208 0.0033917576 0.004010937 0.004020355 0.0033247098 0.0038374143 0.004708831 0.005614863 0.007071591 0.007247326 0.004782043 0.0036349236 0.003306662 0.0036678978 0.003917604 0.0034722588 0.0034980653 0.003684765 0.0045557003 0.0060482426 0.006737077 0.007093037 
52800 0.0040370915 0.002582869 0.0027744374 0.0027343302 0.0036822958 0.004041392 0.003412637 0.0038891933 0.0045680497 0.0051060743 0.0060951128 0.005778121 0.003567382 0.002598172 0.0025289613 0.003246901 0.00369748 0.0035033345 0.0035331617 0.0036621394 0.0042694826 0.0054327324 0.0057993894 0.0059036314 
52815 0.004194209 0.0027567276 0.0028978104 0.0028186196 0.0036642267 0.004077683 0.0033890603 0.003886347 0.004585029 0.005104326 0.0061913864 0.0059217387 0.0036889024 0.0028331398 0.0026885208 0.0032725492 0.00369488 0.0034411694 0.0035320756 0.003649648 0.0042877705 0.0054479344 0.0058373963 0.0060195606 
62900 0.005870095 0.0036738305 0.0036439127 0.0036583266 0.004082844 0.004575863 0.004082912 0.004504043 0.005503736 0.006346743 0.007352713 0.0074431263 0.004851942 0.004090942 0.0036107034 0.004069361 0.0043231295 0.0037798916 0.0042039156 0.0042861383 0.00538776 0.006720384 0.0071206554 0.007630936 
62907 0.006080792 0.0038327973 0.0038137757 0.0037586712 0.004109159 0.004588735 0.0041362057 0.0045599956 0.0056035095 0.0064325226 0.0074086403 0.0075253183 0.004949838 0.00430168 0.0038118742 0.0041702813 0.0043718247 0.0038195886 0.0042695184 0.004357506 0.0054724216 0.0067809764 0.007171781 0.0077798665 
62930 0.006080476 0.0037774988 0.0037216612 0.0037547764 0.004135159 0.0046147583 0.0040785386 0.004509222 0.0055259415 0.0064157574 0.007522465 0.0076782955 0.0050172545 0.0042350627 0.0037157529 0.0041342718 0.004374944 0.0038245905 0.0042239027 0.0043248413 0.005470393 0.006803634 0.0072731385 0.0078534605 
62944 0.0058975196 0.003740035 0.0037105647 0.0036891524 0.00407467 0.0045654983 0.0040970133 0.004511275 0.00551396 0.0063504516 0.0073237717 0.007412108 0.004855977 0.004175479 0.0036865992 0.0040992834 0.0043226974 0.003777524 0.004214233 0.0042863544 0.0053803604 0.0067117875 0.0070935795 0.007623497 
63000 0.00675536 0.0042195893 0.0041035134 0.004007722 0.0042002574 0.004732639 0.0043156156 0.0048213224 0.006077749 0.006858306 0.00791166 0.008017049 0.00527838 0.0047436454 0.0041421764 0.0044700373 0.00463417 0.004032602 0.004571666 0.0047577536 0.005940086 0.0071700704 0.0075909365 0.008513833 
63023 0.006546004 0.0040747593 0.004009463 0.0039513255 0.0041848086 0.004689939 0.0042852135 0.004771443 0.0059764255 0.0067854365 0.007801264 0.007870651 0.0051611415 0.004594569 0.0040244632 0.0044048596 0.004552537 0.0039689397 0.004503071 0.00466644 0.005836062 0.007098531 0.0075195646 0.008296825 
63038 0.007032198 0.0043753553 0.0041594044 0.004092528 0.004246538 0.004722919 0.0042627095 0.0047953613 0.0061241086 0.0069153905 0.008051304 0.008252861 0.0054870225 0.004907464 0.0042634443 0.0045233606 0.004663899 0.0040908987 0.0045756446 0.004793447 0.006026504 0.007255505 0.0077127973 0.008772769 
63044 0.0062219817 0.0039124293 0.003886965 0.0038560475 0.00416981 0.004655363 0.00425184 0.0047014435 0.005832379 0.006644737 0.007589046 0.0076516992 0.0049892184 0.004400413 0.0038893989 0.0042952313 0.004464943 0.0039071226 0.004412984 0.00453375 0.0056709982 0.006976893 0.007364091 0.007974739 
63100 0.0059401225 0.0037120774 0.0036925948 0.003655438 0.0040585734 0.0045791445 0.0041956115 0.0046225623 0.0056561953 0.0064453874 0.007352666 0.0073465644 0.004796146 0.0041474947 0.003632894 0.0041223154 0.004349574 0.0038103433 0.004328113 0.0044066575 0.0054827575 0.00675489 0.007097497 0.0076676854 
63123 0.0061364514 0.0038213478 0.0038019232 0.0037671532 0.00409723 0.0046144836 0.0042275507 0.0046629715 0.0057458705 0.00654601 0.007486362 0.0075103906 0.004915782 0.004291354 0.003765969 0.0042221034 0.0044118366 0.003856524 0.004382876 0.0044783307 0.005581771 0.006853902 0.0072279344 0.007859909 
63144 0.0058828723 0.0036486539 0.0036954859 0.0036447837 0.0040570647 0.0045746705 0.004190931 0.004609213 0.0056274924 0.006415268 0.007318031 0.007309228 0.0047571254 0.0040632216 0.0036415374 0.0041043265 0.0043456224 0.0038045684 0.0043195253 0.004385918 0.00545356 0.0067239064 0.0070617856 0.0076240315 
63200 0.0055400874 0.0034659752 0.0034735964 0.0034746989 0.0039895447 0.0044952286 0.0040811286 0.004496281 0.0054615373 0.006237093 0.0070981327 0.0070831496 0.004579681 0.0038072832 0.0033811654 0.003947907 0.0042226953 0.0036994326 0.0041641276 0.0042288452 0.0052677332 0.0065853465 0.0068871705 0.0072970972 
63244 0.0056064166 0.0034640213 0.003528249 0.0034617358 0.0040065064 0.0045183105 0.0041323523 0.004555845 0.005569334 0.006341998 0.0071946564 0.0071372795 0.0045860456 0.00380243 0.0034460237 0.003961976 0.004252095 0.0037332284 0.004223685 0.0043064733 0.005367239 0.0066816825 0.0069894223 0.007384904 
63349 0.0050869915 0.003299312 0.0033542365 0.0033008843 0.0037667984 0.00416619 0.003464064 0.0039828564 0.0048086517 0.0056016515 0.0068731974 0.0068531153 0.0044190027 0.0035318614 0.0032131642 0.0036195382 0.0039306753 0.003459935 0.003642934 0.0038149536 0.0047253235 0.006007966 0.006523691 0.006861422 
73300 0.004485289 0.0029091514 0.0030389864 0.002994716 0.0036786976 0.0041157226 0.0034463466 0.0039454657 0.0047179656 0.00532487 0.006425344 0.0062344833 0.0039352304 0.0030570575 0.0028410563 0.0034041533 0.0037981726 0.0034218743 0.0036172485 0.0037437503 0.0045204354 0.0056852107 0.0060950667 0.00630785 
73312 0.004662593 0.0030598927 0.0031616387 0.0031024858 0.0037017963 0.0041443184 0.003466088 0.0039683883 0.0047531603 0.0054134745 0.0065529286 0.0064199218 0.004080074 0.003258308 0.0029916696 0.0034751669 0.003839494 0.0034347184 0.0036426275 0.0037698194 0.0045903036 0.0057813274 0.0062115765 0.0064779404 
73333 0.0047703125 0.0031124423 0.0032111797 0.0031542585 0.0037271804 0.0041590966 0.003466817 0.003959439 0.004743451 0.005443744 0.0066336286 0.006537849 0.0041635237 0.0033112287 0.003052493 0.003505873 0.0038635286 0.003455576 0.0036447423 0.0037668662 0.0046011806 0.005822221 0.0062772827 0.006579958 
73400 0.0056214565 0.0035640781 0.0035424738 0.003550764 0.0039645117 0.0044624335 0.0038535118 0.0043144715 0.0052635437 0.006114246 0.0072504887 0.007363487 0.004762482 0.0039469185 0.0034925658 0.00391535 0.0041923625 0.0036373648 0.004004533 0.0041242847 0.005185386 0.006532077 0.007015981 0.0074361847 
73443 0.005843669 0.0036937331 0.0036422904 0.0036631394 0.0040598246 0.0045616934 0.0040185046 0.0044530286 0.0054337992 0.0063081365 0.007375261 0.0074978825 0.0048798565 0.0041185566 0.003614363 0.0040441067 0.0043003205 0.0037411368 0.0041453973 0.0042412304 0.0053434586 0.0067093777 0.007149232 0.0076272627 
73444 0.005898459 0.003765268 0.0037105102 0.0037072243 0.0040903534 0.004587846 0.004074576 0.0044895383 0.0054831924 0.006343456 0.0073744077 0.0074909925 0.0048962915 0.0042096814 0.0036940225 0.0040937266 0.004332675 0.0037820304 0.0041983174 0.0042722486 0.0053748926 0.0067265965 0.007144847 0.007659989 
73447 0.0057028644 0.0036404503 0.003614674 0.0036177717 0.004005485 0.0045010513 0.003916333 0.004364432 0.005322136 0.0061863414 0.007290678 0.007408732 0.004805036 0.004051688 0.0035840664 0.0039829393 0.0042409673 0.0036767954 0.0040577007 0.00416302 0.005234999 0.006597159 0.0070620314 0.0075030453 
73500 0.0052676974 0.0034046094 0.0034411487 0.0034098069 0.003862374 0.004335468 0.0036660668 0.0041515296 0.005022387 0.0058192997 0.007015964 0.0070785 0.0045504295 0.003709058 0.0033334992 0.0037507159 0.0040553063 0.0035335345 0.003838066 0.003964666 0.004942608 0.0062344307 0.006725785 0.0071059633 
73512 0.0052748136 0.0034450057 0.0034775655 0.0034278587 0.0038552776 0.004324679 0.0036457507 0.0041311197 0.00499223 0.005793512 0.007000355 0.0070739463 0.0045609483 0.0037604102 0.0033787563 0.0037537497 0.0040493445 0.0035259498 0.0038206792 0.003942877 0.004916624 0.006206079 0.0067017972 0.007097512 
73533 0.005351038 0.0034612888 0.0035057224 0.0034750728 0.003892852 0.004338861 0.00364803 0.0041289 0.0049966653 0.00583669 0.0071005896 0.0071977726 0.0046222466 0.0037676739 0.0034000275 0.0037933344 0.0040819347 0.0035546946 0.0038240615 0.003950879 0.0049369186 0.0062572076 0.006779554 0.0072143944 
73549 0.0055907853 0.003567524 0.0035773274 0.0035651524 0.0039919773 0.0044340543 0.0037364021 0.0042265365 0.0051169074 0.0060019875 0.0072941775 0.0074188504 0.0048149205 0.003911422 0.0034897123 0.0038755098 0.0041702664 0.0036382219 0.0039026474 0.004048629 0.0050921696 0.0064417743 0.006977853 0.0074435454 
83600 0.007179361 0.004412324 0.0041297767 0.004058109 0.0043402105 0.004856621 0.004250453 0.004724913 0.005986387 0.006753454 0.007909275 0.008325771 0.005759233 0.004935294 0.0042759134 0.0044176355 0.0046480233 0.0042016543 0.004494442 0.004691784 0.005994661 0.007180204 0.007621512 0.008897259 
83700 0.0065924944 0.0036861494 0.0036665013 0.003750441 0.0043518115 0.004773116 0.0040636384 0.004536094 0.0055706794 0.0063415933 0.007492323 0.008005913 0.005614351 0.004213714 0.0037340224 0.003977191 0.004335525 0.0038645552 0.0040111756 0.0043005454 0.005574358 0.006816797 0.007284164 0.0083455425 
83703 0.006675344 0.0037274142 0.0036976521 0.0037849662 0.0044173133 0.00486327 0.0041295094 0.004598699 0.0056068324 0.0064435876 0.0076707783 0.008162083 0.0056612957 0.0042478633 0.0037574954 0.0040286817 0.0044138473 0.003933796 0.0040913895 0.0043602563 0.005646827 0.006938604 0.0073966947 0.008482771 
83706 0.006795913 0.0038316066 0.0037550502 0.0038475061 0.0044210376 0.004878791 0.0041534025 0.0046233553 0.0056617195 0.0065226685 0.007776217 0.00824478 0.0056806374 0.0043546106 0.0038366488 0.0041195173 0.0044743028 0.0039952174 0.0041852794 0.004417192 0.0057268883 0.0069900076 0.0074739535 0.00859676 
83716 0.0068033254 0.0038176244 0.0037450024 0.003831191 0.0044102194 0.0048760297 0.004153667 0.004631618 0.0056864996 0.006507891 0.0076991646 0.008190187 0.005698271 0.0043457965 0.0038360797 0.0040974654 0.0044570984 0.0039837062 0.004164619 0.004422991 0.0057285093 0.0069761337 0.0074333064 0.008579015 
83734 0.006736881 0.0037674825 0.0036965464 0.003806206 0.004409678 0.004870014 0.0041408585 0.004622882 0.0056611993 0.006486937 0.007672852 0.008169072 0.005678398 0.0042936103 0.003768835 0.0040563685 0.0044333315 0.003958852 0.0041198796 0.004401769 0.0057008346 0.006973287 0.007409744 0.008532667 
83800 0.0065930593 0.003804842 0.0037699055 0.0038081056 0.004406566 0.0047959513 0.004043968 0.004541254 0.00548988 0.0064347857 0.007878823 0.008313256 0.0056400136 0.0042770198 0.0037592822 0.0040795743 0.0044112722 0.0038967684 0.0040857457 0.004301226 0.005574389 0.0069289706 0.0075205835 0.008476987 
83811 0.0066897064 0.0037782816 0.0037491545 0.0038206547 0.004469867 0.004886151 0.0041261055 0.0046279156 0.0055879317 0.0065052705 0.0079672355 0.008426788 0.0057077673 0.00425512 0.0037391996 0.0041012713 0.004455025 0.0039484776 0.004143175 0.0043723695 0.0056730295 0.0070084007 0.0075886804 0.00862847 
83826 0.006499615 0.0037798889 0.0037603371 0.0037808288 0.0043918653 0.0047410047 0.003987822 0.004480685 0.00543384 0.0063928347 0.007858791 0.008299783 0.0055969027 0.004227764 0.0037242179 0.0040474995 0.004374097 0.0038518913 0.004026428 0.0042428966 0.00549451 0.0069012186 0.0075251963 0.00842852 
83828 0.0066144443 0.0037743268 0.003760924 0.003782527 0.0044013173 0.004723468 0.003979439 0.0044783084 0.0054536704 0.0063600373 0.0078133475 0.008328478 0.0056935255 0.00425004 0.0037504288 0.0040364177 0.004336448 0.0038274284 0.003967015 0.0042285104 0.0055166013 0.006870751 0.00750837 0.008487446 
83841 0.0066916537 0.0037826342 0.0037586624 0.0038388872 0.0044851005 0.0048866193 0.0041306596 0.004620227 0.005595154 0.0064838743 0.007892647 0.008368531 0.005720275 0.004274559 0.0037611749 0.0041031437 0.004450352 0.0039498326 0.0041216994 0.004364013 0.005667745 0.006990103 0.007552121 0.008586401 
83900 0.006775712 0.0038847951 0.0038188088 0.0039031156 0.004476671 0.004921515 0.0042079 0.0047048153 0.0057131634 0.0066084913 0.0079660695 0.008373044 0.0056851367 0.004400063 0.0038650457 0.004196029 0.0045371354 0.0040449174 0.004275098 0.004492783 0.005799212 0.0070691444 0.0076062456 0.00862427 
83902 0.006902864 0.00399034 0.0038510663 0.003923687 0.004416206 0.0048626745 0.004203856 0.004703138 0.0057502375 0.0066696913 0.00799734 0.008404709 0.0057074255 0.004537962 0.0039489823 0.0042175064 0.0045346757 0.0040615485 0.0043271636 0.00453112 0.005850882 0.007090039 0.0076382603 0.008692949 
83903 0.0067337034 0.0037935495 0.00372365 0.0037912037 0.0043944935 0.0048276046 0.0040935487 0.0045769457 0.0056033623 0.0064849425 0.007767149 0.008229031 0.00566292 0.0043090475 0.0037816192 0.004068244 0.0044278614 0.0039336635 0.0041058636 0.004356851 0.0056676175 0.0069585238 0.0074517345 0.0085435 
83906 0.0067809243 0.003821424 0.0037557157 0.003843231 0.0044173766 0.004860093 0.0041316138 0.004624661 0.0056493767 0.0065291924 0.007826505 0.008285238 0.0056817583 0.0043377304 0.003821033 0.0041206013 0.004463983 0.0039750063 0.004167598 0.0044106427 0.005725087 0.0069961976 0.0074966736 0.008599408 
83942 0.0068061613 0.003889792 0.003804032 0.003884059 0.004436155 0.0048752762 0.0041687055 0.004660122 0.00567612 0.006586224 0.007941535 0.008365154 0.005692602 0.004413074 0.0038660585 0.004170552 0.004500365 0.0040124897 0.0042378395 0.0044531417 0.0057680095 0.0070391744 0.0075824354 0.0086360285 
83946 0.0066300975 0.003906349 0.0038252177 0.0038946252 0.0043721125 0.0048023276 0.004107268 0.0045854775 0.005568419 0.006528182 0.007913298 0.008262171 0.0055656265 0.004413107 0.0038625663 0.0041852007 0.004478474 0.0039648935 0.0042151446 0.0043895137 0.00565502 0.0069721243 0.007563455 0.00844367 
84000 0.0060233288 0.0037780271 0.0037183166 0.0037488597 0.0041068 0.0045929863 0.0039666095 0.0044165053 0.005402062 0.0063410094 0.007558293 0.0077681434 0.0050600953 0.0042375955 0.0037255797 0.004075422 0.004333755 0.003771402 0.0041271592 0.004245572 0.0053930786 0.006773311 0.007303509 0.007851329 
84033 0.0061665718 0.0038348145 0.0037595066 0.0037997125 0.0041608135 0.004633059 0.0040019862 0.0044542383 0.005445638 0.0064068474 0.0076597566 0.007898873 0.0051692124 0.0043141115 0.0037806795 0.0041190377 0.0043772026 0.0038174842 0.004161559 0.0042859754 0.0054591135 0.0068384 0.007387695 0.007997138 
84046 0.006661553 0.003972542 0.0038470312 0.0039210618 0.004351058 0.0047857394 0.0041371924 0.0045990883 0.0056105256 0.006572173 0.007917421 0.008236129 0.005538809 0.0045053186 0.0039113024 0.004221156 0.0044969455 0.0039959988 0.0042750607 0.00442913 0.005698811 0.0069878683 0.007576045 0.0084277615 
84049 0.0063208635 0.0038725296 0.003775034 0.0038301444 0.0042322706 0.0046876534 0.004031188 0.0044884505 0.0054760785 0.006438528 0.0077422517 0.008015917 0.005303966 0.0043636165 0.0037995647 0.004138288 0.004413296 0.003872742 0.0041783205 0.004316204 0.0055165323 0.0068738773 0.0074439105 0.008136107 
84100 0.006949021 0.004272958 0.0040998803 0.0040768418 0.0042975754 0.0047474783 0.0042555896 0.004760579 0.0060326336 0.0068932506 0.00805312 0.008264653 0.0054958137 0.0048235515 0.004195505 0.004479392 0.0046219025 0.0040798695 0.004519743 0.0047132447 0.0059765703 0.007248578 0.0077537093 0.008692831 
84123 0.006915039 0.004300797 0.0041334736 0.0040825317 0.0042756777 0.0047355476 0.0042917165 0.0048077772 0.006118872 0.006956299 0.00805767 0.008209679 0.0054289764 0.0048536328 0.0042162626 0.0045110583 0.0046363533 0.0040721768 0.004567166 0.004773394 0.006014525 0.0072974917 0.0077783437 0.008657571 
84133 0.006947931 0.0042429646 0.004078791 0.0040549217 0.0043039178 0.0047469772 0.0042278017 0.0047229608 0.0059490628 0.006825755 0.0080180485 0.00827464 0.005529756 0.00479949 0.0041773766 0.0044423644 0.004599924 0.004068292 0.0044738143 0.0046559633 0.005925043 0.0071855714 0.0077084797 0.008677083 
84137 0.0067867166 0.004164596 0.004052625 0.0040267278 0.004275854 0.0047034943 0.0042139706 0.0046797395 0.0058473856 0.0067546954 0.007929091 0.008163129 0.005435997 0.0047400137 0.004121852 0.0044080913 0.0045471387 0.0040019383 0.004418973 0.0045744274 0.005818031 0.007101018 0.007644743 0.008492571 
84146 0.0070448243 0.004247825 0.00404737 0.004050762 0.004358035 0.0048011136 0.004235597 0.004745909 0.0059673274 0.0068515865 0.008079365 0.008382884 0.005627332 0.004800495 0.0041635805 0.0044253967 0.004635625 0.004110474 0.0044801114 0.0046763616 0.005977008 0.0072262012 0.0077449484 0.008805535 
84200 0.007003074 0.0040299175 0.0038605782 0.0039301934 0.004410266 0.0048867785 0.004199157 0.0046965093 0.0057981084 0.0066840323 0.007958861 0.008389825 0.0057302904 0.004574178 0.0039809668 0.004246099 0.0045584603 0.0040876847 0.004341836 0.004546536 0.005886594 0.007110348 0.0076174606 0.008780174 
84202 0.0069468897 0.0040487745 0.0038692083 0.0039372994 0.004412226 0.0048756883 0.004211116 0.0047036796 0.005785117 0.006705388 0.0080087455 0.008402719 0.005697201 0.0046056667 0.0039848285 0.0042509874 0.0045589595 0.0040916703 0.004361023 0.0045501743 0.0058882805 0.0071184086 0.007653959 0.008737972 
84205 0.0071277292 0.0040922905 0.0038713736 0.003935108 0.004411289 0.004911974 0.0042208773 0.0047352226 0.0058809645 0.0067532496 0.00801172 0.00844352 0.0057686656 0.004632017 0.0040082186 0.00428225 0.00460085 0.0041294447 0.0044030338 0.0046113767 0.005975087 0.007174111 0.007659168 0.008900035 
84206 0.006957555 0.00396661 0.0038071203 0.0038789848 0.004386771 0.004854161 0.004153679 0.004654651 0.005734657 0.006622821 0.007891233 0.008343663 0.005718811 0.0045037917 0.0039176336 0.004191179 0.0045115263 0.0040346324 0.0042682793 0.0044887494 0.005828616 0.0070563033 0.0075549576 0.00872806 
84216 0.006933915 0.0038916732 0.003784885 0.0038553285 0.0043915636 0.0048719747 0.004147177 0.004641422 0.005712932 0.0065548234 0.0077899997 0.008294064 0.0057290774 0.0044252584 0.0039030905 0.004144805 0.0044859387 0.0040172283 0.0042182165 0.004459575 0.0057863267 0.007012148 0.007485438 0.00870912 
84239 0.0070321593 0.0039765723 0.0038045663 0.0038732851 0.004403374 0.004902463 0.004178174 0.0046756854 0.0057734144 0.006628805 0.00787725 0.008364476 0.005751228 0.004509469 0.003928267 0.0041975155 0.004540206 0.004076154 0.0043020393 0.004517244 0.005863458 0.0070705716 0.007550955 0.008806346 
84246 0.0070867264 0.0042073666 0.0039947913 0.004029888 0.0044164765 0.004891648 0.004266898 0.004773244 0.0059486465 0.0068341303 0.008090877 0.008442934 0.0057115094 0.0047659413 0.0041319295 0.0043763597 0.0046432773 0.004157035 0.00448477 0.0046747103 0.0060089333 0.007233943 0.007745399 0.008863881 
84300 0.006828238 0.0040191533 0.0038657875 0.0039406717 0.0044116494 0.0048440183 0.004203716 0.0046657133 0.005706186 0.0066527505 0.008006014 0.008366307 0.0056369877 0.004575278 0.0039604893 0.004240359 0.004544549 0.0040688314 0.004344069 0.0045024524 0.0058100014 0.007059053 0.0076414184 0.008620939 
84302 0.0069963783 0.0040030708 0.0038540692 0.0039349874 0.004387522 0.0048455424 0.0041922587 0.0047178683 0.005799127 0.006734782 0.0080268085 0.008381137 0.0057260976 0.004539734 0.003962977 0.004262587 0.004553727 0.004087911 0.0043553025 0.004574442 0.0059173466 0.007131304 0.007672933 0.008698758 
84346 0.0068889977 0.004071536 0.0039051105 0.003971909 0.0043703783 0.00481294 0.004193251 0.0046762405 0.0057575963 0.006691441 0.007984351 0.008309333 0.005628411 0.004627324 0.0040070624 0.004294159 0.0045542414 0.0040709674 0.0043673962 0.0045407726 0.0058456175 0.0070808497 0.007640063 0.008601499 
84349 0.0067418027 0.004072375 0.0039349534 0.003974609 0.004317907 0.0047400165 0.0041648773 0.0046142056 0.0057010218 0.0066409195 0.0079167625 0.008207128 0.005489007 0.0046325503 0.004023089 0.0043068044 0.004525037 0.00401669 0.004344074 0.004484323 0.0057544904 0.007015274 0.007589688 0.008475262 
84400 0.0064440533 0.0040013464 0.003923393 0.00391404 0.004211959 0.0046796873 0.004200074 0.0046527935 0.0057855574 0.006657725 0.0077473586 0.007897233 0.0051950337 0.004519314 0.0039554494 0.00431303 0.004489825 0.00394066 0.004383277 0.0045174044 0.005707672 0.0070130113 0.0074921907 0.008188869 
84407 0.0062315203 0.003876495 0.0038198307 0.0038180496 0.0041587274 0.0046323193 0.004186702 0.004640874 0.0057451595 0.0065721446 0.0075679454 0.0076797996 0.0050343224 0.0043560993 0.0038184272 0.0042402376 0.004433958 0.0038797832 0.0043433774 0.004472008 0.005622377 0.006918416 0.007330175 0.007964547 
84423 0.006640766 0.004146587 0.0040513384 0.004010703 0.0042228336 0.004703349 0.004297275 0.004787859 0.006038501 0.006874649 0.007911679 0.008009238 0.005231409 0.004693573 0.004083117 0.004453496 0.004568987 0.003993547 0.0045204824 0.0047026277 0.0059053544 0.0071999324 0.007665026 0.008411383 
84430 0.006358433 0.003950151 0.0038759387 0.0038728467 0.004206631 0.004658193 0.0041224626 0.004544462 0.0055989204 0.0065098 0.0076536937 0.007855265 0.005199273 0.004460649 0.0039136154 0.00423548 0.0044461573 0.003900877 0.004286551 0.004384559 0.0055735777 0.006883424 0.0073814886 0.008076251 
84433 0.006377405 0.0039544892 0.0038747238 0.0038764435 0.004221887 0.0046724016 0.004128712 0.004558437 0.005609107 0.00652674 0.007681162 0.007889999 0.0052284906 0.0044664587 0.0039169784 0.0042297784 0.0044557294 0.003911503 0.0042943484 0.0043992586 0.00559538 0.0069059026 0.0074054846 0.008100739 
84437 0.0066458783 0.004103633 0.0040099625 0.0040023816 0.0042604916 0.0047054356 0.0042342483 0.0047052274 0.0058819363 0.0067658545 0.007879231 0.008053232 0.005325702 0.004651655 0.0040566516 0.0043995255 0.0045436407 0.003985058 0.0044286787 0.0045890664 0.005811737 0.007112155 0.00761744 0.008378496 
84444 0.006207533 0.003897747 0.003845064 0.003819592 0.0041557304 0.0046430435 0.004226807 0.0046735364 0.005790754 0.00660983 0.0075750803 0.0076431083 0.0049977046 0.004377592 0.0038389445 0.0042570946 0.0044411332 0.003893497 0.004384083 0.004501415 0.0056420784 0.0069464985 0.007344759 0.007950448 
84449 0.006609867 0.004060102 0.003945578 0.003962442 0.004264894 0.004696268 0.0041646794 0.00461791 0.005724924 0.006645788 0.007834871 0.008062459 0.00536085 0.004606997 0.0040038927 0.0043237177 0.0045075156 0.0039661843 0.004344235 0.004485357 0.0057171583 0.0070093116 0.0075447224 0.0083316695 
84500 0.0069794664 0.0040353145 0.0038459655 0.0038961528 0.0043753837 0.004881782 0.004178944 0.004669428 0.0057793353 0.0065817395 0.0077464706 0.008229213 0.0057250494 0.004564799 0.003978012 0.0042084614 0.004513623 0.0040637837 0.0042856187 0.004512674 0.005841762 0.007015062 0.007457394 0.00871673 
84505 0.007191472 0.004152495 0.003908701 0.003950806 0.0044282554 0.0049460805 0.0042389384 0.0047461223 0.005889626 0.006755799 0.007998674 0.008459963 0.0058158264 0.004704545 0.0040627574 0.004294397 0.0046203914 0.0041626077 0.0044296104 0.004624501 0.0059890803 0.007175282 0.0076424438 0.0089442795 
84513 0.007114052 0.0041800314 0.003936802 0.0039628115 0.0043801027 0.004892998 0.0042178696 0.0047211214 0.005878953 0.0066871764 0.00786685 0.008328684 0.005763868 0.0047172895 0.004087549 0.0042950204 0.004581427 0.004129814 0.004393909 0.0046079494 0.005943406 0.0071071293 0.007547461 0.0088432515 
84516 0.0069291764 0.003902075 0.0037813652 0.0038738528 0.004418917 0.004892335 0.004167774 0.0046543167 0.0057344935 0.006579842 0.007817939 0.0083075445 0.0057329927 0.0044367258 0.0038904895 0.004163507 0.004510967 0.0040324484 0.0042359764 0.004471763 0.005801118 0.0070372536 0.007516393 0.008724096 
84539 0.006976525 0.003989154 0.003811874 0.0038753625 0.004381874 0.0048776963 0.0041627074 0.004650853 0.005742696 0.00656173 0.007751616 0.008248876 0.0057320255 0.00451921 0.003938087 0.004185712 0.0045041433 0.004043794 0.0042603584 0.004482746 0.005815145 0.0069972835 0.007454118 0.008715775 
84600 0.007114492 0.004226627 0.0039810403 0.003982155 0.0043667546 0.0048688077 0.0042229383 0.0047287904 0.0059386785 0.0067231804 0.007878552 0.008305715 0.005755939 0.004744221 0.004116855 0.0043346924 0.004595518 0.0041360324 0.0044103386 0.004641022 0.0059636 0.0071421326 0.0075854654 0.008844984 
84605 0.0072549945 0.0042779306 0.004023697 0.0040318314 0.0044083153 0.004906578 0.0042656763 0.004791072 0.0060346522 0.0068580178 0.008080329 0.008491639 0.005823657 0.004801126 0.0041664927 0.0043997313 0.004671168 0.0041932533 0.0045008524 0.0047264565 0.006072513 0.0072737616 0.0077429283 0.009017863 
84613 0.007067344 0.0042146114 0.0039625512 0.003958053 0.00434128 0.0048505133 0.0041977265 0.004694936 0.005882035 0.0066458886 0.007772166 0.008229597 0.005738715 0.004731493 0.0040970515 0.0042973543 0.004560343 0.0041134167 0.0043626674 0.004595993 0.005913214 0.007071931 0.007496967 0.00877821 
84646 0.0072594294 0.004316342 0.0040709767 0.004076491 0.00441651 0.0048903096 0.0042828275 0.0048235343 0.006107244 0.006961724 0.008202126 0.008545503 0.005778249 0.004843252 0.0042120577 0.004466535 0.004713456 0.004208854 0.0045611267 0.0047862534 0.0061267223 0.0073557803 0.007846098 0.009049287 
