10100 11.711533 8.009423 7.5384574 5.697249 5.818594 6.3922014 7.068796 8.128184 8.971897 9.192382 9.487483 9.1634445 7.8116693 7.1749 5.3240223 3.9812565 4.2969766 4.5917816 5.3194733 6.4035063 7.46332 7.9025702 8.286541 8.673299 
10200 12.665262 9.911908 9.257272 7.803626 7.504622 7.867845 8.393389 9.165898 9.76349 9.984968 10.21048 10.192811 9.4558935 8.495424 6.4980807 5.6360965 5.600021 5.9007826 6.4850874 7.3753905 8.174084 8.544293 8.850991 9.150338 
10214 6.854741 2.7991893 1.4543943 0.6354998 0.5185212 0.99316335 1.5047387 1.5093014 1.8982668 2.141906 1.6774198 1.7598095 1.3007411 0.75437343 0.1541428 0.084958956 0.16969833 0.4302651 1.0217478 1.1447928 1.8797853 1.8588367 2.558783 5.1133165 
10226 8.404556 4.92971 3.8689177 2.4415958 2.0384908 2.3722155 2.756124 3.1593657 3.8404248 4.084935 4.668731 4.8814654 4.0189257 2.9408782 1.42193 1.0028565 1.100612 1.3673079 1.8085301 2.3477473 3.1404345 3.766407 4.5707283 5.4661794 
10240 2.9448802 0.843785 0.7679319 0.37419412 0.49426115 0.83074254 1.1663569 1.2072291 1.233732 1.5512291 1.8121761 1.787827 1.0083252 0.7162064 0.35741994 0.19299278 0.31540442 0.5096879 0.8727471 1.0297334 1.0542167 1.3839892 1.6333377 1.8428372 
10300 14.222923 11.129648 10.270133 8.69256 8.632466 9.045065 9.630514 10.546036 11.376492 11.603013 12.065731 12.195552 11.243483 9.34586 6.916619 6.003205 6.0537925 6.5125656 7.228057 8.303012 9.457326 10.109234 10.732962 11.30019 
10400 16.036804 12.932269 11.74246 10.106419 10.247806 10.927122 11.623265 12.802324 13.751254 14.013171 14.367659 14.405433 13.521766 10.927481 8.262667 7.750656 8.242911 8.923752 9.779468 11.018268 12.184183 12.669285 13.08054 13.513946 
10410 5.0523477 3.3912659 2.9374592 2.3508403 2.4841511 2.8940227 3.536092 3.860484 4.028727 4.548136 4.9916787 5.0618286 4.2708435 2.710846 1.8764445 1.8199362 2.0190632 2.3350422 2.9525044 3.4036458 3.5475159 4.076731 4.49703 4.8940835 
10426 8.519779 4.629282 2.9942908 1.5934734 1.7087857 2.2090058 2.680689 3.1628704 4.259475 4.4901 5.538272 6.0660815 4.6433167 2.0130165 1.0462623 0.91059357 1.1286341 1.4962891 2.0915232 2.6897705 3.9012344 5.097081 6.344906 7.9452915 
10500 18.610987 14.796149 14.403273 12.406624 12.61247 13.47731 14.285238 15.203147 15.959571 16.356552 16.84999 16.716604 15.677091 14.357164 11.549332 9.351872 9.541402 10.312089 11.476012 12.621961 13.644739 14.371318 14.928662 15.490926 
10600 15.134144 12.508139 11.638317 10.154121 10.055647 10.475557 10.98971 11.680588 12.269103 12.552473 12.919699 13.033459 12.317076 10.735058 8.368922 7.4564066 7.4586234 7.9226465 8.600843 9.453726 10.248325 10.778345 11.265108 11.763542 
10609 8.556381 6.3463593 5.59494 4.345825 4.6912994 5.5563507 6.3812103 6.848648 7.110901 7.648178 7.976715 8.046387 7.4854736 5.670334 3.5515137 3.241272 4.0542145 4.9411163 5.8987885 6.4575806 6.7366333 7.2661133 7.694977 8.274185 
10614 9.541115 3.90042 1.1669126 0.23186283 0.19607005 0.4991763 0.9009665 0.85298765 1.5403599 1.7917913 1.3973403 1.6163023 0.9593306 0.22058672 0.03004916 0.017202048 0.05438627 0.17823844 0.5826365 0.7094479 1.9510299 2.096632 3.2902086 7.50689 
10626 11.126461 7.2312007 5.374593 3.2739842 2.9576857 3.288632 3.7133894 4.112807 5.115813 5.573664 6.9476976 7.513082 6.34103 3.8635657 1.4991313 0.9822852 1.1216373 1.4989346 2.0220697 2.715009 3.9765408 5.456682 7.1055136 8.761191 
10650 15.664632 12.099101 9.062196 5.384162 4.0153484 4.089585 4.5557165 5.3716083 7.9347196 9.396623 11.984287 12.530276 11.366973 7.603184 2.2525418 0.7208144 0.5540046 0.8419429 1.5506352 3.0367362 6.1436706 9.61766 12.079192 13.587781 
20700 13.462885 10.00378 9.472293 7.8601065 7.951902 8.5569935 9.254211 10.259675 11.086015 11.335754 11.665022 11.550136 10.413555 9.138855 6.852888 5.5947104 5.734661 6.2970023 7.107184 8.155224 9.208856 9.711302 10.134654 10.562245 
20718 2.371722 1.1465095 1.0894632 0.7185537 0.8056581 1.0825794 1.36539 1.4847723 1.5761251 1.8584284 2.0924108 2.0591288 1.4762022 1.1463504 0.62013394 0.36220774 0.39164704 0.57733035 0.8946258 1.1368014 1.2295986 1.5719533 1.8024112 2.0150397 
20729 3.2426374 1.5452439 1.4003314 0.9242733 0.99815696 1.3029546 1.6661472 1.7639077 1.8984417 2.2412906 2.5481377 2.6112611 1.9233171 1.4259446 0.74324006 0.49638456 0.5398739 0.7586113 1.1015433 1.3484634 1.4602691 1.8499128 2.1717086 2.4621696 
20740 2.8886404 1.0026954 0.83898926 0.419977 0.46922252 0.70996684 1.0073577 1.166815 1.2773497 1.5387298 1.7626481 1.7515672 1.2015834 0.7894878 0.29019263 0.118859075 0.14631112 0.30939704 0.5764849 0.82352966 0.94332194 1.2118334 1.4176143 1.6004974 
20800 22.520182 17.780928 17.39028 15.056851 15.49117 16.58594 17.573734 18.566193 19.371048 19.943787 20.521626 20.30316 18.54489 17.451965 14.389931 12.06164 12.572653 13.51496 14.849569 16.101948 17.17901 18.04957 18.73445 19.393667 
30900 6.331488 3.7765992 3.3929703 2.278801 1.986427 2.6212273 3.3869302 4.3907747 5.159095 5.429881 5.6493273 3.9040818 2.0133767 2.14006 1.5853482 0.7885822 1.1246171 1.4077178 2.215014 3.3205414 4.1966887 4.608166 4.8394427 4.997507 
30923 7.2363257 3.9935255 3.217102 1.6940331 1.336333 1.7519702 2.7380981 4.708474 6.2378807 6.288103 6.2648926 4.243826 1.6596314 1.4869629 0.90123045 0.23141113 0.311604 0.41680175 1.1979687 2.9786232 4.6696315 4.9476833 4.9161916 4.7855544 
31000 11.870656 8.959544 7.64091 5.4359694 4.489006 4.8125567 5.546203 6.9601173 8.203079 8.583461 9.061998 7.9047914 5.5819154 5.556519 4.8500266 2.7092388 3.0192246 2.6614976 3.5300112 5.182097 6.6181684 7.443668 7.9475946 8.570853 
31023 4.638621 1.9213663 1.2899271 0.715627 0.56741333 0.7643941 1.2196045 1.5707906 2.1147358 2.263255 2.5972188 1.4744568 0.5021871 0.57192993 0.4974874 0.06705729 0.1751709 0.14393108 0.3605957 0.84277344 1.3321737 1.9190674 2.2957256 2.7325542 
31046 9.453857 3.516983 1.7614136 0.5567627 0.1776123 0.54307556 1.2243042 1.8893585 2.3855286 2.8159485 3.6835938 2.722702 0.7876587 0.77622986 0.5065155 0.0043029785 0.11999512 0.082977295 0.63526917 1.3065796 1.7196503 2.9938354 5.0335693 6.9127045 
41100 13.350315 9.183284 8.075075 6.0639424 6.2280054 6.9349036 7.62495 8.660184 9.665163 10.007388 10.571095 10.19397 8.584899 8.15391 6.4400616 4.634472 5.190891 5.1473417 5.9558635 7.072304 8.248972 8.951149 9.634231 10.300363 
41200 15.950337 12.06163 9.873892 7.0784073 6.84684 7.673881 8.5711 10.093915 11.290118 11.767976 12.3833065 12.031427 10.279978 9.861848 7.7631464 5.01687 5.6246967 5.2766776 6.2805696 8.004959 9.678416 10.492514 11.20156 11.916258 
41300 15.2953205 11.388028 9.060689 6.796835 6.5745378 7.229088 7.922912 9.122304 10.377354 10.727037 11.304508 10.78919 8.890068 8.592111 7.22397 5.0415926 5.5725813 5.2650666 6.100993 7.3589826 8.846913 9.629632 10.335983 11.077574 
41400 11.4704895 8.451804 7.4992657 5.477472 5.2361875 5.5013223 6.0703826 7.1185875 7.9169645 8.109135 8.395302 8.137731 6.8296742 6.546922 4.9941893 3.6069484 3.7171993 3.4379826 3.9126868 4.9686337 6.0508966 6.4244184 6.8081656 7.239612 
41403 11.799454 8.674042 7.2530975 5.0741577 4.532913 4.724869 5.12796 5.62529 6.179886 6.71933 7.406708 7.560486 6.220703 5.71434 4.2753906 2.7352905 2.7263184 2.4631958 2.9996185 3.6959686 4.40271 5.1473083 5.961609 6.904129 
41408 11.778103 8.5073 6.30647 3.470546 2.2916677 2.3979232 3.0355954 4.539452 6.561218 6.953007 7.965351 7.981805 6.3309636 5.1963787 2.9045541 1.0677484 0.7022343 0.41861978 0.94788504 2.3829324 4.283252 5.304028 6.757799 8.188299 
41422 13.085135 8.104925 4.6108904 1.5211102 0.8998194 1.0367898 1.430286 2.4274116 3.9800806 4.311735 5.793282 5.867889 3.7058053 2.5603948 0.9694878 0.32762387 0.2884436 0.249932 0.48570547 1.242006 2.9313912 4.1010666 6.0233226 7.980554 
41436 8.729451 5.636917 3.856163 1.6311386 0.9261833 1.1337044 1.4628967 1.5063647 1.9011015 2.341483 2.722758 2.5621142 1.5473112 0.9981063 0.34542358 0.11029744 0.12986125 0.13627034 0.509364 0.77573204 1.0835311 1.6009835 2.0685344 2.445789 
41441 5.5109005 2.9018884 2.2906854 1.2148563 1.1594644 1.6767151 2.39555 2.8118863 3.0871985 3.7606907 4.2835402 4.2425137 3.2289863 2.7230844 1.5768188 0.757948 0.81297517 0.89339876 1.5929157 2.2105856 2.6387892 3.363154 3.9619448 4.4487658 
41500 14.886233 12.5992365 10.389308 8.4023285 7.865633 8.108336 8.729796 9.770017 10.7019 10.962917 11.389964 11.125846 9.804522 9.860091 9.227851 7.130128 7.375593 6.681217 7.2098823 8.39939 9.534571 10.062097 10.557324 11.093809 
41516 10.399475 8.480184 7.0594687 6.321472 6.1949973 6.5499573 6.8302712 7.0637717 7.3163857 7.590464 7.8899436 7.745768 6.896647 6.9444375 6.5751038 5.276377 5.588816 5.4224753 5.8808594 6.1831155 6.431671 6.7437744 7.10377 7.4904685 
41539 6.7546577 3.5880318 1.6687927 0.7342262 0.5960121 0.8741188 1.1937828 1.33004 1.5073624 1.7221527 2.281311 2.2417717 1.1756859 1.1308746 0.8565178 0.21844101 0.38756943 0.348835 0.6438904 0.8718071 1.0877457 1.6186981 2.572857 3.5902023 
41626 1.0648481 0.08698352 0.04812271 0.029500676 0.120513216 0.4540921 0.7589588 0.8004519 0.5739143 0.5938633 0.58412015 0.40436175 0.1504706 0.01936884 0.033773135 0.03516011 0.04811675 0.20038158 0.5700603 0.5484742 0.33972764 0.33876196 0.47675228 0.8853588 
51600 17.880308 9.91719 9.023184 7.443533 10.056026 12.66606 14.795066 16.511738 17.905865 19.080015 20.170736 20.469063 17.555204 9.109598 6.0496364 6.89375 9.487172 11.860164 14.124638 15.9799 17.494081 18.956402 19.945183 20.869165 
51610 4.064642 2.7019475 2.3031368 1.838278 2.1317546 2.6196895 3.1619222 3.5017626 3.6484969 3.9806447 4.227352 4.2218227 3.7146108 2.3870592 1.522392 1.4935406 1.7909837 2.1860027 2.7548268 3.1387968 3.3003972 3.5717359 3.82885 4.133518 
51624 1.92116 0.5079113 0.40725562 0.25860304 0.48219517 0.7908587 1.2168666 1.3841902 1.418832 1.7657267 1.9141294 1.9973028 1.3035569 0.4570022 0.24887522 0.31616792 0.4440482 0.6479114 1.0650722 1.25413 1.2937186 1.567534 1.9411272 3.6930804 
51625 6.5755043 1.0681853 0.5368072 0.29126978 0.60962415 1.1877382 1.7639711 2.4174836 3.8292177 4.9075565 7.264037 7.7384644 4.4118752 0.5192631 0.1986244 0.206613 0.4399174 0.8080424 1.4713765 2.6065593 5.0745277 7.5484138 8.990809 9.973626 
51627 6.029582 1.3280958 0.51174927 0.29460156 0.47239897 0.88595337 1.3739758 1.792276 2.7853985 3.4097848 4.85109 5.3890924 3.2435186 0.44228035 0.22555096 0.22517873 0.33125028 0.568518 1.0936834 1.7730136 3.1467705 4.7252665 6.176178 8.019119 
51700 18.837118 7.880524 7.4655967 5.9291906 9.868098 13.785062 16.851727 19.418756 21.369421 22.923601 24.24955 24.531292 19.192926 7.423229 5.1709123 6.370399 9.963089 13.134792 16.351324 18.969608 20.982937 22.723293 23.946117 24.984785 
51719 14.848876 7.2342215 5.1527047 3.7258563 5.235259 6.762628 8.082916 10.174554 12.210807 13.1302595 14.2295885 14.711659 12.848414 5.6600122 2.9050388 3.3683376 4.8592625 6.0713196 7.4524536 9.4884405 11.870845 13.385035 14.587839 15.597391 
51724 5.465124 2.9456823 2.414036 1.9322118 2.632503 3.5586848 4.459313 4.9898977 5.114798 5.578535 5.7180443 5.806876 5.133432 2.6316123 1.6772475 1.8395693 2.4028978 3.1586227 4.1378546 4.6906896 4.675511 4.9181848 5.2485123 6.8476295 
51727 9.032389 4.6291947 3.1833599 2.4163115 2.5794988 3.1547194 3.882206 4.4627533 5.578307 6.0418158 6.8437977 7.2296724 5.799074 2.8877714 1.9355178 1.8737032 2.0901873 2.5043204 3.3132043 4.0671377 5.4476533 6.8333297 8.123019 9.734 
51800 13.72693 11.392738 10.358433 8.750295 8.733371 8.946141 9.384867 10.036158 10.647327 10.849142 11.185108 11.031632 10.341171 8.925938 6.641074 6.116075 6.4302583 6.6426926 7.2206893 8.130329 9.022892 9.515247 9.942469 10.31497 
51817 13.324188 10.857532 9.873756 8.192223 8.323921 8.502635 8.82992 9.465734 10.022299 10.165155 10.405281 10.229162 9.514663 8.159545 5.8054156 5.414583 5.8561087 5.9661684 6.3756633 7.1487174 7.913734 8.291351 8.62349 8.939629 
51821 2.700678 0.8801862 0.61553055 0.3909176 0.38489845 0.7148402 1.0611016 1.0658121 1.2961713 1.4571121 1.6102349 1.6172091 1.3766874 0.72991586 0.35625145 0.26744708 0.35413855 0.60691386 0.98479146 0.9902272 1.467585 1.6573666 1.9116068 2.094389 
51832 2.2480242 0.97477615 0.79468197 0.5553042 0.638586 0.9570121 1.3878415 1.5465585 1.6028209 1.964997 2.209176 2.129141 1.8957719 0.90947634 0.45346922 0.4367903 0.53990847 0.8167668 1.2738285 1.4097723 1.445651 1.7632809 1.978791 2.2061768 
51849 12.886947 6.636323 3.1815474 0.96443725 0.61191744 0.82802683 0.9503982 0.896867 1.6233397 1.8269652 2.3246493 2.128791 1.2086202 0.38548207 0.11880564 0.07635173 0.1072926 0.17402141 0.37483695 0.58468163 2.1466174 4.2123218 6.361153 8.776236 
51900 13.812711 3.658562 3.6321042 3.121312 6.011367 9.68152 12.655609 15.1592045 17.065113 18.696638 20.1256 19.862167 13.117766 3.7610517 2.949757 3.393781 6.5305777 9.546558 12.538189 15.050008 16.981333 18.741138 20.074896 21.13587 
51915 6.2437425 1.9469001 1.1887327 0.73840517 1.192797 2.0165143 2.903582 4.0666704 5.2600546 5.994808 7.0078998 6.6736226 4.5616994 1.5639473 0.68606734 0.69669294 1.2325995 1.9408017 2.8522444 4.108443 5.525287 6.6196737 7.443152 8.224006 
51933 1.9268547 0.10730777 0.087018885 0.039611816 0.39627606 1.3143364 2.2629528 3.1252866 3.867531 4.3053284 4.821443 3.8847842 1.9635434 0.08797421 0.07582026 0.078906514 0.55890423 1.3183912 2.2440624 3.1452425 3.9238453 4.449655 4.789804 4.9935913 
52000 17.841125 15.1844845 14.034561 12.3334465 12.390508 12.822717 13.31828 13.903802 14.413108 14.703558 15.062047 14.993716 14.445751 12.876 10.191856 9.691862 10.033795 10.462515 11.078184 11.837229 12.525125 13.032796 13.4935 13.954011 
52004 2.0819907 0.8566977 0.46442926 0.21387175 0.30020505 0.70260257 1.392779 1.9741384 2.189906 2.5969508 2.6382587 2.4276729 2.0743053 0.7603846 0.19021925 0.14802665 0.2370733 0.5491328 1.1891694 1.7162508 1.8161803 1.9616129 2.0979095 2.2675781 
52017 15.718883 12.987744 11.543956 9.245292 9.087333 9.227351 9.757176 10.437118 11.378874 11.720212 12.497729 12.59101 11.762673 9.742543 6.595281 6.006261 6.2214756 6.4404297 6.9142165 7.9656405 9.3546095 10.441668 11.344896 11.902469 
52021 5.7214317 2.4150352 1.4524447 0.96222967 0.90612006 1.1199558 1.480627 1.5882902 2.1297266 2.4036415 3.0206912 2.8452456 2.1477609 1.3022406 0.81137764 0.6873556 0.7136867 0.85646164 1.1877728 1.4558381 2.540078 3.3425906 4.254989 5.4273376 
52035 11.886183 7.027682 4.7396874 2.5708869 2.9978445 3.6658218 4.2683706 5.378165 7.0714307 7.8473563 9.515687 9.434604 7.755645 3.7992651 1.4719232 1.323865 1.9802217 2.5891113 3.5196505 5.186166 7.211929 8.878593 10.112908 11.166915 
52100 13.080161 6.4148993 5.023846 3.8108509 5.2398233 7.038352 8.63363 10.105746 11.708607 12.736893 14.074299 14.110661 11.940952 5.492398 3.2935603 3.609412 5.0859365 6.6245956 8.248469 9.90624 11.916626 13.302351 14.309912 15.159346 
52101 5.035492 1.1067978 0.17706451 0.027243042 0.23747864 0.98200685 2.0070465 2.7984161 3.3808823 4.0638933 4.9247484 5.607141 4.4675093 0.8403885 0.040538024 0.071575925 0.38256532 0.9870163 1.9790878 2.786708 3.3620346 4.0564866 5.184949 6.651375 
52104 3.8196187 1.9556823 1.2167072 0.6288483 0.71219057 1.1385865 1.8663629 2.5313067 2.9674304 3.4604971 3.7150238 3.6834056 3.2311053 1.383426 0.4367078 0.35286978 0.4888343 0.8607215 1.5760554 2.2204883 2.6093228 3.0204062 3.3714445 3.7058692 
52121 5.2423153 1.8227712 1.0588063 0.67884904 0.75427246 0.9293293 1.2797849 1.4142898 2.7960699 3.0162406 5.0009913 4.9333987 3.3304515 1.2610283 0.6737782 0.5920786 0.67449707 0.8206726 1.143072 1.5499308 4.4242644 5.768662 6.592939 7.4363327 
52135 9.612843 3.223651 1.5484943 0.82005215 1.3612022 2.0685072 2.785409 4.0763216 6.105383 6.9850855 9.292444 9.007077 6.2598305 1.4466848 0.6264715 0.6898966 1.1801586 1.710249 2.5578651 4.542324 7.180072 9.293469 10.58551 11.471775 
52145 2.8322957 0.04510498 0.07631429 0.070007324 1.0661215 2.29539 3.1584065 3.9591877 4.6093545 5.395121 6.1804605 6.014567 3.0255737 0 0.13671875 0.17112224 1.2823282 2.2634685 3.1575317 3.93042 4.5947266 5.449117 6.202596 7.0159707 
52200 16.892542 15.069049 14.134293 12.268516 11.65528 11.756586 12.574006 13.2940855 14.11426 14.398676 14.856887 14.635965 13.88791 12.89824 10.088257 8.129015 8.023674 7.8236737 9.437082 11.248031 12.685777 13.4336405 14.030435 14.515413 
52221 4.6442122 2.187623 1.5812105 1.0297605 0.92957956 1.3610734 1.6994407 1.8450192 2.022746 2.3058581 2.461477 2.4125881 2.0475771 1.5437206 0.8650345 0.61892104 0.7493854 1.0133348 1.419095 1.5459398 1.8988497 2.208659 2.6159048 3.9633615 
52249 12.457887 7.1706996 4.2817726 1.8629857 1.0436833 1.357714 1.5067211 1.5842419 2.4660168 2.9255335 3.7603512 3.5656726 2.374899 1.387282 0.43936226 0.14552835 0.17937647 0.24443804 0.55941856 0.9104478 2.444749 4.4985285 6.5603185 8.697556 
52300 14.130678 6.1572375 5.1784534 3.9140518 6.3565836 9.074997 11.3556385 13.427638 15.041192 16.327803 17.404629 17.613476 14.1333275 5.552053 3.3316567 4.034193 6.3744717 8.576629 10.916085 12.977551 14.695851 16.13709 17.205462 18.14483 
52301 3.7616599 1.0828576 0.4043 0.12653787 0.36713794 0.9931735 1.8061951 2.4678051 2.9248474 3.4466343 4.018844 4.387322 3.502084 0.81982577 0.08930121 0.12703972 0.42225635 0.9527838 1.7564526 2.412772 2.857474 3.3769593 4.1144543 5.089549 
52304 3.8257804 1.1915128 0.6529285 0.32103828 0.673461 1.4191129 2.4358013 3.2762403 3.8169215 4.436159 4.8313165 4.876877 3.978274 1.0603032 0.3127835 0.38088548 0.72489065 1.3259857 2.3397465 3.1613057 3.6302848 4.172665 4.599228 5.005065 
52309 3.6101243 0.95227623 0.34762678 0.16109003 0.35250255 0.9480275 1.8225974 2.455279 3.0652778 3.7013347 3.6296592 3.567689 2.927424 0.63961685 0.14481921 0.1707002 0.3743628 0.8465803 1.7041358 2.3534968 3.1513004 3.693661 3.5701785 3.9880087 
52319 9.428548 4.5986466 3.227214 2.2993164 3.4422317 4.9368453 6.4240737 7.768126 8.76915 9.671465 10.27643 10.4145565 9.145474 3.9899812 2.11483 2.455687 3.4477477 4.643173 6.166499 7.5202837 8.584532 9.508385 10.060384 10.658758 
52400 7.7434106 1.0149691 2.343985 1.5707356 4.654647 7.8086834 10.280772 12.2811985 13.7819 15.00827 16.05495 15.502845 8.768974 1.2287292 1.7749145 2.5340579 5.2434626 7.714039 10.193811 12.189109 13.707315 15.034467 15.970463 16.760632 
52401 1.8020573 0.2661028 0.2047863 0.11852741 0.5051956 1.3798056 2.2805805 2.9447365 3.4089136 3.9463892 4.4849195 4.331093 2.2769423 0.2518406 0.14326191 0.21760654 0.61014557 1.239541 2.1516895 2.838151 3.2694387 3.7942057 4.389496 5.3096313 
52420 0.38222092 0 0.003497784 0.005427434 0.046175443 0.24833797 0.4948261 0.6985098 0.9226027 1.254695 1.8081712 1.263902 0.4634916 0 0.01388315 0.013831506 0.0824538 0.2337083 0.4925772 0.69986194 0.93387073 1.3642343 1.7406898 2.3345854 
52448 1.928185 0.06884636 0.34729394 0.22160956 0.9847347 2.1409562 3.0964408 3.8782854 4.549984 5.153445 5.7033043 5.086205 2.1484895 0.1265051 0.25251412 0.41204703 1.1408978 2.0546784 3.0099955 3.7880313 4.436591 5.0661283 5.4918513 5.8318353 
52500 9.267724 1.034879 3.3832273 2.209295 6.762795 11.549076 15.017702 17.696 19.69649 21.32884 22.7659 21.56746 10.926233 1.4096562 2.8800068 3.664715 7.9225416 11.577054 15.045383 17.721638 19.749043 21.547647 22.806759 23.845356 
52520 1.8403704 0.65955687 0.49726713 0.33055064 0.50930274 0.8728473 1.3481884 1.7073145 2.0900652 2.6542907 3.7333806 3.2493944 1.6635269 0.5396893 0.33694354 0.3488125 0.5255305 0.80829954 1.2833444 1.6588738 2.1858232 3.012375 3.8483415 4.793928 
52531 2.694314 0.047824707 0.60459226 0.33305907 1.3957543 2.9344654 4.5963597 6.0732155 7.285442 8.361384 9.347515 8.384978 3.469524 0.14209229 0.54572266 0.68871826 1.7684522 2.9520533 4.653203 6.180571 7.321379 8.395293 9.159954 9.78071 
52545 5.1646776 0.16456147 0.78667295 0.4654297 1.9778168 4.294093 6.443883 8.35732 10.040537 11.615274 13.062735 12.211723 5.9828978 0.2936325 0.72510374 0.9709412 2.530806 4.347032 6.5401993 8.467466 10.10217 11.77637 13.043864 14.150787 
52600 19.134724 13.577415 11.312056 9.341375 10.463352 11.964423 13.349491 14.758291 15.94505 16.759617 17.617037 17.64566 16.458801 11.675716 7.5762973 7.5671744 8.951003 10.454113 11.979691 13.526738 14.908708 15.987088 16.827806 17.668581 
52615 10.320007 6.9471183 4.7343187 2.7309875 2.8334196 3.3587801 4.2141814 5.169756 6.354518 6.736198 7.6517982 7.587407 6.5099597 3.649549 1.3774698 1.1436423 1.4271485 1.988366 2.7735484 3.9897873 5.593735 6.699115 7.498122 8.1593485 
52617 12.965813 10.326287 9.505114 7.823618 8.260353 8.687849 9.072188 9.586336 9.98799 10.256029 10.49838 10.344085 9.67664 7.7848134 5.196234 4.694057 5.149156 5.610791 6.1959577 6.9051094 7.5064654 7.958722 8.321668 8.682458 
52632 1.2541388 0.3020498 0.19445801 0.07354901 0.12824807 0.27151737 0.66022056 0.9007387 1.0023524 1.3498007 1.5136455 1.3159146 1.0230103 0.19830488 0.044681035 0.039037757 0.0727968 0.17932129 0.5543955 0.7561893 0.8084453 1.0414264 1.1747288 1.3731441 
52635 12.344178 8.046693 6.458113 4.845898 5.2236075 5.785228 6.4291515 7.3144035 8.180487 8.614378 9.273492 9.1409645 8.04781 5.4120355 3.2529767 3.1030722 3.6307552 4.208614 4.9434543 5.941787 7.10016 7.9204664 8.672853 9.434737 
52649 8.91673 2.6228943 1.0046784 0.49436647 0.6426514 1.0429962 1.5942688 1.6477906 2.2670379 2.7285583 3.2029815 3.3955445 2.4768004 0.82275087 0.35340577 0.3208893 0.45837402 0.7654419 1.235501 1.5519409 2.9468505 4.834134 6.2793703 7.5477753 
52700 13.814002 9.969073 8.417991 6.5758615 7.2444224 8.060949 8.717798 9.859899 10.949002 11.351759 11.909147 11.999412 11.030003 7.5722585 4.9126296 4.8639703 5.83005 6.5466847 7.322789 8.517295 9.82823 10.601947 11.2741165 11.9563055 
52709 3.2021646 1.5425031 1.2487843 0.8634138 1.056265 1.5218004 2.0960386 2.348457 2.6292562 3.0176497 2.8159359 2.6636813 2.3681908 1.2697809 0.7277711 0.69979006 0.9340271 1.3184605 1.9130198 2.123133 2.484587 2.7542465 2.5463212 2.8557644 
52714 6.8376412 2.5527437 0.58481246 0.09583594 0.13109986 0.3719878 0.777038 0.77739567 1.3416845 1.5421779 1.2731436 1.3127996 0.73951477 0.07376739 0.033188723 0.0274153 0.04819617 0.13936292 0.49236742 0.6867668 1.6457862 1.9528582 2.8811452 5.9166465 
52724 2.785992 1.6696063 1.6001387 1.2406017 1.54639 2.0614648 2.581561 2.7922976 2.778432 3.03742 3.1190586 3.0856023 2.6496158 1.5754942 1.1273155 1.1358875 1.4601132 1.8646375 2.4025195 2.6170864 2.505932 2.641226 2.791879 3.305061 
52727 4.92036 1.7074437 0.7363396 0.2085301 0.4211083 0.9111127 1.4329566 1.7983139 2.435743 2.8575714 3.6634388 4.0190706 2.7902403 0.4674356 0.18026091 0.1548039 0.33092004 0.6439311 1.1923534 1.6997228 2.5210752 3.5302892 4.50391 5.793876 
52800 13.280167 1.5473568 3.3994396 3.0087466 7.812916 13.259816 17.363241 20.493067 22.778425 24.678879 26.241867 25.559793 14.697196 1.9367181 3.1746287 3.9252133 8.79176 13.220301 17.338047 20.463957 22.748455 24.76599 26.237522 27.40643 
52815 4.672241 0.8236484 0.60728824 0.498049 1.1708806 2.2410247 3.375483 4.4846106 5.5774198 6.5082364 7.4402194 7.0291305 4.4863167 0.8370761 0.45700285 0.5967365 1.2980936 2.1955903 3.3556814 4.4843836 5.6010776 6.659348 7.4773917 8.231406 
62900 8.921708 7.048622 6.358587 5.317499 5.2750087 5.862166 6.430773 7.2576885 7.908975 8.148014 8.380614 7.010104 5.7986007 5.2176723 4.061318 3.115578 3.6653998 4.0313334 4.7814746 5.694326 6.4605455 6.8212433 7.0958543 7.2529902 
62907 0.636734 0.06544495 0.01763916 0.012573242 0.0138549805 0.0761261 0.21217346 0.2364502 0.28146362 0.36532593 0.50914 0.10877991 0.005432129 0.0040893555 0.014877319 0.005279541 0 0.009185791 0.1247406 0.19299316 0.21759033 0.32513428 0.4618225 0.5369568 
62930 3.347825 2.0913715 1.7170858 1.2283559 1.1362 1.4915987 1.849735 1.9566813 2.0716572 2.4055588 2.668493 2.1796768 1.717409 1.4409556 0.8864746 0.434766 0.6702342 0.8818198 1.316453 1.5453043 1.6693367 2.0373516 2.3234146 2.5276275 
62944 6.5762706 5.079933 4.5715895 3.7539067 3.7152321 4.172884 4.65611 5.346508 5.9119816 6.071619 6.2432137 4.9172087 3.937159 3.5912783 2.794543 2.0467858 2.3709445 2.654632 3.261195 4.007207 4.6773434 4.956325 5.1813626 5.288314 
63000 8.013879 5.1705203 4.3883467 2.990851 2.6023571 3.1341052 3.9791505 5.429231 6.5208354 6.748356 6.9273005 5.3109484 3.103254 3.1300504 2.4038873 1.2237519 1.5912743 1.6954788 2.4985511 4.0158305 5.312553 5.714939 5.919942 6.0378203 
63023 7.463506 4.5386024 3.6965446 2.5745156 2.3250887 2.8263717 3.6366947 5.095806 6.259019 6.4060297 6.524514 4.9375 2.8906314 2.8422313 2.172197 1.1428282 1.4040759 1.4973127 2.231371 3.694479 5.0357027 5.340827 5.498517 5.563782 
63038 2.9667451 1.2437243 0.8208846 0.42542857 0.33526927 0.61985147 1.063687 1.5205302 2.1253273 2.2373712 2.367446 1.3798848 0.45449686 0.5500851 0.44746917 0.106203765 0.24476768 0.29294887 0.71907127 1.1429492 1.6838886 1.9545935 2.0843477 2.1928258 
63044 6.366333 4.043457 3.6370442 2.6824138 2.636027 3.1220906 3.6283772 4.256897 4.685099 4.9994507 5.302694 3.8121338 2.5624797 2.586853 1.991923 1.2355143 1.4285482 1.4966024 1.9177042 2.5024211 3.0511067 3.4234822 3.748108 3.975057 
63100 11.389292 8.692323 7.899792 6.736845 6.711 7.607665 8.419181 9.530108 10.437381 10.832654 11.227268 9.082558 7.232931 6.703987 5.3877616 4.423901 5.1150136 5.5541215 6.658455 7.906426 8.9810505 9.5492525 9.949029 9.963709 
63123 5.8253207 3.48075 3.1489122 2.4089558 2.5064392 3.2912564 3.9307387 4.97446 5.7333713 5.8729653 6.0169544 3.9075725 2.4636807 2.377933 1.850413 1.1242032 1.7023654 2.0029194 2.8368258 3.93357 4.8030834 5.0665383 5.217814 5.0454307 
63144 7.858523 5.2544904 4.6658454 3.9082227 3.9405408 4.658371 5.3674316 6.614162 7.69875 7.8160315 8.015459 5.821178 4.3619123 3.945644 3.386954 2.9352765 3.4296396 3.702349 4.560344 5.724117 6.8369293 7.075143 7.246403 7.102986 
63200 27.122398 24.636854 23.096092 20.930256 20.66518 21.646357 22.613882 23.789751 24.678999 25.34027 25.977411 24.05508 21.588867 19.98227 16.62294 14.1969795 14.915108 15.477998 17.002792 18.660074 20.038101 21.031048 21.792877 22.241238 
63244 35.366028 31.369852 29.773214 27.76298 27.956095 29.56484 30.947632 32.180096 33.09672 33.916706 34.668316 31.624472 28.523376 27.237448 24.031778 22.023172 23.612997 24.610657 26.633566 28.33136 29.690573 30.95748 31.883158 32.27069 
63349 2.3261626 0.05286114 0.028940054 0.019019494 0.027944712 0.16845234 0.33897516 0.3198571 0.46051964 0.6934204 0.6145677 0.62854004 0.31274885 0.01924016 0.01890212 0.018930288 0.029944787 0.16609074 0.41938195 0.33318153 0.7000263 1.2365817 1.8106033 2.114422 
73300 18.417221 10.087808 8.232193 6.918484 9.41205 12.133072 14.318549 16.192522 17.592434 18.75523 19.710659 19.951073 16.977713 9.080201 5.765758 5.946631 8.7334585 11.268552 13.538372 15.490845 16.98826 18.24936 19.211636 20.059122 
73312 7.607857 4.706105 3.3317246 2.3466387 2.8380866 3.6970286 4.562707 5.380981 6.026162 6.5299597 6.9830494 6.95306 6.269877 3.5854714 1.7717357 1.5488935 2.1889906 3.0753667 3.9917684 4.8755536 5.5848536 6.1638503 6.623509 7.0705204 
73333 5.6692243 2.643203 1.6822501 1.0149945 1.2762787 1.8477954 2.506774 3.2511766 4.0597787 4.528601 5.1647434 4.991421 3.7770758 1.6549492 0.66828614 0.5640365 0.89023656 1.4464834 2.1588297 2.966384 3.9627578 4.6722736 5.318769 5.8527994 
73400 17.400599 15.56744 14.680388 13.630447 13.566075 13.941278 14.439897 15.086629 15.580715 15.829498 16.070145 15.58814 14.874453 13.921002 12.0253935 11.039411 11.406352 11.7144 12.302708 13.080115 13.745093 14.123328 14.445921 14.76181 
73443 5.9784465 4.6360273 4.181676 3.4411516 3.4408693 3.9051104 4.316608 4.687294 4.9747496 5.2161007 5.423408 4.793829 4.1179857 3.5947993 2.491324 1.6061374 1.984907 2.2757394 2.8382506 3.3524504 3.7646062 4.139466 4.4371114 4.677141 
73444 8.810521 7.59306 7.198059 6.2613454 6.15914 6.5151706 6.8872595 7.2754345 7.591871 7.855733 8.086106 7.336193 6.568057 6.0479765 4.559931 3.28676 3.4196763 3.672569 4.2625732 4.8917236 5.4227633 5.869652 6.233698 6.536573 
73447 7.5473976 6.0559893 5.2883673 4.335201 4.191907 4.461216 4.9092236 5.5715847 6.076128 6.19943 6.367274 5.874459 5.201272 4.543359 3.2882016 2.45193 2.6346867 2.809782 3.2712712 4.008049 4.6644197 4.928736 5.1902485 5.426389 
73500 18.894556 16.719688 15.534987 14.307261 14.459578 14.965624 15.500181 16.079748 16.550438 16.911716 17.23399 17.058842 16.549894 15.039797 12.551592 11.967982 12.428154 12.9976015 13.679862 14.395533 15.000908 15.490789 15.883308 16.271353 
73512 8.619779 6.341611 5.701968 4.824554 4.983369 5.352959 5.825167 6.504639 7.021615 7.2420993 7.471649 7.07351 6.2795725 5.05087 3.818483 3.439157 3.8134468 4.16386 4.663714 5.377369 5.998108 6.32707 6.552693 6.794703 
73533 10.233379 7.187588 5.6380844 3.8337746 3.782957 3.9326282 4.5585876 5.53156 6.611846 6.9581995 7.832703 7.6083055 6.281809 4.2455773 1.9426936 1.3535889 1.5949818 1.7483873 2.4591691 3.7151418 5.246168 6.184807 7.1710715 7.861518 
73549 9.076986 3.3232434 0.9796889 0.16090757 0.09655585 0.1641509 0.3410225 0.42087972 0.990213 1.1939652 1.538315 1.3281189 0.63221335 0.11277262 0.020787083 0.014195855 0.022885973 0.056145646 0.23976883 0.37872016 1.6072205 2.7174468 4.0624695 5.1687593 
83600 15.725001 13.6280365 12.250158 9.525104 8.162311 8.337911 9.197692 10.606669 12.025361 12.392496 12.83186 11.903673 9.770754 9.6251335 8.619179 5.7606463 5.714208 4.8647904 5.8593245 7.8142214 9.741166 10.67072 11.180548 11.714738 
83700 13.744659 10.501069 8.475025 6.264569 5.658954 5.9561787 6.678656 7.794817 8.874801 9.205354 9.837889 9.61463 8.018173 7.520819 6.110399 4.1599436 4.3289757 4.0163865 4.709407 6.0539584 7.457043 8.343891 9.126976 10.048068 
83703 7.026966 4.106647 3.1067154 2.0837615 1.9630808 2.2954032 2.6484568 2.8675253 3.0597353 3.356591 3.7875545 3.7808187 2.7977445 2.654624 1.954785 1.1492034 1.3810812 1.3893164 1.7881684 2.1311414 2.4333293 2.9785078 3.6651337 4.4033856 
83706 7.462748 4.8864007 3.6118977 2.6663284 2.382553 2.67895 3.0497284 3.3355076 3.6292522 3.9149628 4.2069397 4.069631 3.1348011 3.178744 2.7270126 1.6866964 1.846489 1.7394562 2.1138306 2.4532242 2.8835526 3.333575 3.7330143 4.4690475 
83716 12.899015 9.956115 7.0640626 4.6343207 3.6032097 3.7268353 3.7567081 3.7476614 4.1427417 4.4327264 5.3556576 5.4133997 3.935096 3.623468 2.8677387 1.534367 1.6530703 1.5011983 1.8421993 2.104022 2.6055567 3.4386914 4.6567645 6.28521 
83734 7.143587 4.177055 2.5306578 1.3807976 1.142275 1.3878028 1.8186527 2.5381892 3.2401414 3.2213538 3.4897468 3.124115 2.0614755 1.8700367 1.3126041 0.5936668 0.712256 0.67263865 1.0677463 1.83346 2.648391 3.0289445 3.3532228 3.932278 
83800 9.743835 7.213607 6.4939685 5.1180964 4.776984 5.1238365 5.6663256 6.26774 6.6272526 6.8722568 6.950473 6.7484984 6.0795584 5.6783447 4.447307 3.5966208 3.621476 3.676656 4.357182 5.183427 5.7059603 6.025309 6.3389506 8.13069 
83811 13.015452 10.474896 9.577387 7.505128 6.7795215 6.9998474 7.742416 8.911564 9.742778 9.979104 10.206095 9.95471 8.898771 8.312468 6.5992894 5.206993 5.0489554 4.852605 5.573421 6.9633904 8.042726 8.478793 8.8179655 9.545236 
83826 11.667546 8.617621 7.7560854 6.1634774 5.735437 6.178285 6.5809064 6.9765615 7.636577 7.9556694 8.380418 8.448468 7.7414975 7.0478907 5.2070746 4.2299542 4.288703 4.527511 5.0873146 5.7488728 6.578487 7.148841 7.7321606 8.708249 
83828 6.154668 3.6033182 3.009887 1.9872478 1.9638675 2.2804122 2.4981658 2.586235 2.581601 2.796763 2.883287 2.740223 2.1828256 2.1023378 1.5812076 1.1175557 1.2482785 1.3620987 1.7464881 1.9600587 2.0198822 2.2328265 2.342917 2.454983 
83841 4.1332183 2.319226 2.050684 1.2414305 1.2613194 1.740171 2.259595 2.6341493 2.8568888 3.1871665 3.4260652 3.2627547 2.409309 2.2697103 1.4885516 0.84625894 1.0131706 1.1000553 1.6508224 2.1527145 2.470156 2.8429472 3.1221406 3.3439062 
83900 13.476706 11.586989 10.525626 8.582715 7.607802 7.743429 8.637367 9.801342 10.575895 10.78164 10.999489 10.679939 9.652233 9.259794 7.875328 6.0450215 5.837753 5.38137 6.4024076 7.972199 9.113857 9.510584 9.849583 10.427057 
83902 6.0668116 4.450008 3.5968018 2.2602496 1.4174325 1.6578151 2.1160235 3.1352932 3.7817035 3.7164218 3.6851676 3.2865644 2.248945 2.24394 1.659886 0.6233477 0.7982701 0.7819039 1.0854884 2.0910861 2.8161533 2.7640033 2.7435913 2.9249616 
83903 7.2077317 4.1507444 2.8879936 1.6062927 1.4041891 1.8190908 2.1788132 2.404283 2.584216 2.9201226 3.440985 3.4264896 2.2554774 2.0922828 1.4186647 0.7271368 0.94612676 0.9717102 1.4087497 1.704963 1.9853538 2.6018589 3.6539056 4.7979674 
83906 8.846575 5.2105837 3.7479272 2.373949 2.0737216 2.4482281 2.818224 2.9821596 3.1147788 3.440497 4.021669 4.052392 2.8121986 2.7040727 2.080751 1.2570586 1.4579663 1.4451402 1.8967633 2.164105 2.4340851 3.14831 4.6397276 6.339493 
83942 6.724629 4.61957 3.627482 2.4807167 2.0527067 2.3554316 2.743622 2.8702748 3.0452871 3.343676 3.686696 3.581267 2.778859 2.794774 2.220118 1.3585749 1.4736716 1.4212343 1.8557488 2.139621 2.4723895 2.9366417 3.4277177 3.9789739 
83946 13.516221 7.5031285 5.3825364 3.4025216 2.628255 3.398476 3.63571 3.4088168 3.2571135 4.073383 5.442671 7.0786023 5.462642 4.8585467 3.1140418 1.2290637 1.571351 1.7942394 2.3267405 2.3127196 2.4265053 3.8567338 8.310785 11.783345 
84000 19.52805 18.224972 17.450726 16.326283 16.00857 16.323671 16.781675 17.339617 17.784817 18.042042 18.253458 17.919243 17.467098 16.818762 15.177853 13.865641 14.088093 14.254133 14.765948 15.432085 15.967578 16.306925 16.56927 16.83641 
84033 10.939007 9.124511 7.95178 6.22538 5.4882035 5.629535 6.309625 7.313255 8.095709 8.298176 8.64669 8.205954 7.346424 6.400757 4.6003184 3.4152036 3.5092347 3.5853755 4.188062 5.4176645 6.5266795 7.1167507 7.700811 8.193731 
84046 14.842386 8.449862 5.3483753 2.6822073 1.6064769 2.2893758 2.3575828 1.9561702 1.7144186 2.5544295 4.1679597 5.919865 4.0201774 3.4780226 2.1372194 0.45560566 0.6242062 0.7550147 1.1816039 0.95959616 1.0809722 2.849223 8.060377 12.154038 
84049 12.085186 7.2525754 4.365882 1.7839624 1.0898976 1.4005735 1.4955432 1.4711717 2.3569574 2.7625387 3.4426346 3.0876238 1.9596125 1.2948291 0.48749834 0.15851438 0.19987237 0.25825235 0.54999924 0.8815012 2.434899 4.185851 6.1376214 7.834663 
84100 8.503501 5.3131876 4.2649884 2.5965602 1.892966 2.3826044 3.1885324 4.546656 5.70866 5.880926 6.005958 4.544374 2.5442154 2.5897963 1.9467674 0.59156644 0.92973393 0.949004 1.6829042 3.0750327 4.3330345 4.6940103 4.8803606 5.0335474 
84123 7.788981 4.560118 3.5947545 2.1813726 1.7363216 2.2257454 2.985328 4.3665357 5.6874924 5.8371053 6.085689 4.61563 2.3666785 2.4224563 1.8300486 0.6595462 0.93724716 0.970751 1.705264 3.0730774 4.515383 5.0432777 5.3626184 5.6985245 
84133 8.40695 5.2146897 4.203618 2.4951982 1.4909931 1.8711063 2.6716115 4.052499 5.1891747 5.3593197 5.4929895 4.0911694 2.2611313 2.2289255 1.5510843 0.37286004 0.53286785 0.49611095 1.0908841 2.4900994 3.7769053 4.1626325 4.394148 4.6285973 
84137 11.261101 7.94149 6.775116 4.4642105 2.5202026 2.8882751 3.658455 4.971588 6.135582 6.7569427 7.296837 5.8204346 3.811493 3.5475693 2.2518234 0.30345917 0.43911743 0.5181122 1.4597778 2.8201675 4.150299 5.0982437 5.90329 6.566681 
84146 4.4977775 0.8672306 0.4635759 0.23498394 0.18283145 0.4870082 0.561903 0.49717432 0.4433558 0.67016214 0.9674189 0.6056414 0.21380797 0.37431663 0.34586078 0.048327085 0.17557433 0.20023529 0.3774425 0.32856396 0.34899208 0.6422 1.6571614 2.897937 
84200 14.950845 13.08015 11.643828 9.63156 8.281786 8.348961 9.053263 10.129595 11.008219 11.225769 11.691641 11.395384 10.010397 9.757471 8.868069 6.6568794 6.488399 5.8048882 6.4719844 7.884482 9.182916 9.902472 10.546587 11.241173 
84202 15.787953 14.230597 13.257427 10.695257 8.180011 7.925984 8.784358 10.6958475 12.212479 12.597686 13.325209 12.896284 11.348377 10.861223 9.275749 5.890828 5.1355915 4.0221124 4.789371 7.4163737 9.76279 11.097391 12.001102 12.671129 
84205 10.655186 5.0119653 2.6706922 1.2712158 0.9248622 1.3574731 1.2776362 0.99979496 0.8300766 1.1952264 2.1511006 2.7810504 1.446093 1.4813379 1.2326934 0.40037555 0.6084506 0.6258753 0.8418399 0.6483121 0.64918244 1.5204173 4.24339 7.584442 
84206 9.15986 6.1684275 4.6818285 3.352111 2.7347846 3.0867019 3.395455 3.452294 3.5393412 3.8863363 4.3962398 4.398918 3.3580735 3.3969538 2.94767 1.6762446 1.8899987 1.7831911 2.2517772 2.4671636 2.7082114 3.3722122 4.4639616 5.8462696 
84216 15.279197 11.774667 6.9401827 2.86524 1.0606413 1.211061 1.5986837 2.2236576 3.4518185 3.9199162 5.719879 5.920246 3.7087417 3.0103455 1.6984267 0.079559326 0.10119048 0.09448533 0.4386626 1.1676302 2.4919667 4.308232 6.8405166 10.529045 
84239 9.068658 6.9519143 5.3774686 4.1963096 3.7077806 4.1987915 4.662852 4.8257074 5.021518 5.4562345 5.857581 5.6750827 4.5852966 4.699063 4.286353 2.4329698 2.8334656 2.6196356 3.2420688 3.5817091 3.9809604 4.5869412 5.0461526 5.4533725 
84246 10.717201 4.770761 2.8002295 1.2333758 0.6331005 1.1178634 1.1446829 1.0157536 0.97085667 1.4419464 2.6376388 3.2575295 1.6243389 1.5706547 1.1528226 0.2124355 0.43250954 0.4447042 0.6796029 0.61600924 0.7309569 1.7994854 5.0606775 8.49866 
84300 16.82403 15.215653 14.224018 12.109094 10.556962 10.529257 11.510533 12.496547 13.568172 13.919116 14.509068 14.19107 13.013139 12.575888 11.109112 8.226337 7.7030816 6.880524 8.211338 10.109703 11.880854 12.808231 13.614705 14.24214 
84302 16.357399 13.604992 11.835135 8.119063 4.9019423 4.502423 5.373345 7.10397 9.16007 9.878559 12.512157 12.5714245 10.047853 8.721726 6.3958073 2.6465373 2.0813494 1.5960916 2.7046123 5.1510115 7.6659346 10.238712 13.56587 15.397558 
84346 13.234442 6.461927 3.6797287 1.4741344 0.70800894 1.0776676 1.1446071 0.9660986 0.9511418 1.4746561 3.0129633 4.194027 2.1779513 1.8034563 1.0384115 0.19923706 0.25471684 0.2707195 0.52946734 0.50183886 0.71527225 2.0829055 6.3887563 10.463995 
84349 11.376168 5.8011155 2.8522775 0.70952094 0.31747347 0.5253835 0.77017015 0.89362425 1.6875312 2.0684047 2.755889 2.1951933 0.908325 0.69035333 0.28103596 0.05184438 0.05448547 0.06629043 0.26165098 0.5734979 1.8553591 3.449559 5.18761 6.924949 
84400 8.961628 6.683462 5.9177547 4.7028494 4.320479 4.802398 5.487744 6.482835 7.272678 7.468015 7.635749 6.4202337 5.075078 4.7791553 3.7190783 2.4830463 2.7777855 2.9562533 3.6686444 4.7539077 5.6853366 6.028735 6.273169 6.427991 
84407 1.5569122 0.49648207 0.4347021 0.27080148 0.2900028 0.5682028 0.8136579 0.8562454 1.0518135 1.2382352 1.4213707 0.5559232 0.24424323 0.28855565 0.20931254 0.04205853 0.123096414 0.20923294 0.5162805 0.66625535 0.79485464 1.0626256 1.2635428 1.3318402 
84423 9.158584 5.85574 4.9301643 3.743275 3.43723 4.0199842 4.999696 6.6357794 7.8097234 8.013465 8.159592 6.515817 4.500637 4.4336233 3.6125474 1.989408 2.2616272 2.352215 3.2885127 4.9957967 6.440324 6.8376484 7.0423207 7.137986 
84430 5.3537354 3.7119298 3.2425869 2.3691475 2.0510516 2.557565 2.9296944 3.0336041 3.1234863 3.5283902 3.868492 3.2258894 2.5645804 2.3710694 1.6204032 0.77779365 1.048741 1.2623152 1.8410994 2.1287563 2.3315535 2.8460937 3.263393 3.600394 
84433 6.341606 4.628039 3.9004517 2.7245076 2.257014 2.641777 3.030238 3.435913 3.7640026 4.013621 4.2465057 3.7149022 3.0715714 2.6861598 1.6179072 0.80832416 1.0462265 1.2522202 1.8005499 2.343938 2.8354492 3.2657115 3.651296 3.999654 
84437 5.196158 2.6932864 2.0436842 1.1869301 0.9008867 1.2308885 1.8333341 2.969692 3.8345313 3.939323 3.992446 2.4967709 1.3185527 1.3084912 0.9663848 0.34398848 0.49395525 0.551426 0.9893227 2.036007 2.992239 3.1874025 3.2756345 3.2950742 
84444 7.7335863 5.6808615 5.110007 4.2660103 4.1450896 4.671448 5.302212 6.1565475 6.823047 7.0283227 7.209497 5.7345724 4.4574666 4.2786984 3.514135 2.665724 3.0017285 3.2612402 3.975986 4.9551578 5.754017 6.080779 6.307619 6.388824 
84449 5.7133875 2.5868177 1.5065981 0.6370775 0.43530723 0.69390255 0.9674485 1.1777436 1.6867836 1.8911294 2.087254 1.3381442 0.6395 0.6353694 0.4189434 0.08450965 0.15067956 0.20950852 0.52213025 0.8208826 1.5529262 2.1086874 2.6090972 3.0251765 
84500 16.358063 14.606803 12.963554 11.483445 10.786444 10.935802 11.557138 12.495191 13.1045475 13.316172 13.6047735 13.382143 12.306777 12.221576 11.790513 10.042579 10.034028 9.420824 9.942297 11.127215 11.961716 12.3896885 12.777554 13.280911 
84505 8.363136 3.7502058 1.9395725 0.9844515 0.84410864 1.2236286 1.2815579 1.1412182 1.0265037 1.3591946 1.980945 2.3114154 1.2594128 1.3492264 1.2133745 0.50968367 0.7283181 0.72682244 0.94302267 0.8386892 0.8081984 1.4649559 3.3191097 5.7179976 
84513 14.481081 11.898707 9.363211 6.3175435 4.5778527 4.4205346 4.535099 5.5427723 7.1736875 7.7518024 8.811419 8.727077 7.045032 6.5554085 5.452508 2.73068 2.4872644 1.8914238 2.1923888 3.1918294 4.8210597 6.231526 7.529304 8.943871 
84516 10.194467 8.142098 6.3484044 4.990557 4.379423 4.590966 4.6324916 4.565338 4.7068048 4.974614 5.44206 5.3736424 4.3569975 4.340667 3.9056525 2.58053 2.8713458 2.7229633 3.0376873 3.154605 3.3894358 3.9148068 4.5926614 5.441852 
84539 8.301076 5.6714993 3.9149754 2.6578903 2.2658813 2.570286 2.8815382 2.9816744 3.0915651 3.387913 3.916077 3.9497309 2.8791134 2.9149318 2.5998492 1.3402314 1.6017529 1.4500033 1.892874 2.152408 2.411834 3.0807238 3.9721477 5.1116505 
84600 14.570574 12.104892 10.174871 7.6299396 6.406314 6.5304275 7.465024 9.052231 10.504184 10.744731 11.242524 10.639569 8.840439 8.609254 7.7670293 5.106481 4.9925747 4.1707373 5.0947313 7.1778 9.01474 9.888052 10.493509 11.181994 
84605 7.202313 2.6597855 1.2406322 0.503957 0.40108347 0.6902695 0.61622125 0.49500468 0.46388528 0.6968173 1.0885881 1.2231816 0.51070386 0.64862555 0.5762146 0.13314234 0.24842924 0.2443028 0.3669916 0.27042335 0.31105593 0.7775686 2.3498917 4.505229 
84613 15.185198 12.347569 9.608328 5.9302583 4.1150703 4.058053 4.5636578 6.2750688 8.349798 8.600165 9.233321 8.783077 6.769377 6.449263 5.421388 2.8835678 2.5907 2.033689 2.439638 3.7770855 5.891259 6.976441 7.972913 9.401939 
84646 7.2353945 2.350312 1.2152531 0.50409585 0.32636636 0.7570405 0.9200687 0.92550254 0.7962977 1.1136116 1.703661 1.5028076 0.6559418 0.81033397 0.6975197 0.08550781 0.27570343 0.2621483 0.57599753 0.53497386 0.5516275 1.1339858 2.7755194 4.76639 
