s10100, 2592123, 2965046, 5170785, 5340483, 16739725, 8118242, 2082823, 793943, 10180772, 11241710, 7701278, 6262798, 19425418, 17851558, 3352360, 8569583, 38966728, 51705132, 5300473
s10200, 337017, 339945, 674034, 1324646, 8254136, 2373363, 1312015, 231687, 6440335, 5729168, 2119489, 3882692, 4179369, 4926354, 1438208, 4809111, 19530526, 30598934, 3378408
s10214, 7041826, 11484940, 14083652, 6675419, 2526104, 3850608, 128249, 258394, 649154, 1142201, 2420825, 473076, 2240619, 1732257, 685630, 927420, 5416984, 5469951, 329764
s10226, 8517732, 11203309, 17035464, 10157155, 11090311, 10364690, 694741, 752418, 3280575, 4872128, 7711866, 2240426, 22529078, 18709814, 2591340, 4260396, 34483432, 39883936, 1763920
s10240, 193188, 46052, 386377, 633259, 2202008, 1024557, 293538, 119880, 1441131, 1500190, 1161837, 852462, 2378523, 2168306, 330724, 1067898, 3728042, 5325546, 736457
s10300, 9754425, 13807139, 19276856, 11859334, 30269808, 16776997, 3007334, 1237588, 14529530, 18417904, 12496147, 9064279, 33144340, 30070628, 6341648, 15643221, 57279732, 78295856, 7670867
s10400, 1931861, 2228843, 3863722, 6895830, 23261878, 7510093, 2116727, 582168, 10424720, 13928691, 6554858, 6917650, 29999490, 29232240, 6289425, 11412443, 75253528, 111252008, 5382391
s10410, 44069, 27533, 88138, 105036, 171971, 159524, 6983, 6478, 36227, 28832, 77006, 31426, 463016, 463016, 23220, 65907, 837287, 837287, 17459
s10426, 10797677, 28947490, 21595354, 17945106, 5323747, 13137800, 266365, 739056, 1307880, 2516336, 7991799, 994375, 29367338, 16951092, 1609038, 2087170, 27881954, 32892716, 671898
s10500, 102862, 82393, 205725, 337803, 2422147, 420927, 240599, 28296, 1225938, 1585483, 391182, 834914, 1251963, 1649974, 762482, 1135367, 3918801, 6926374, 600856
s10600, 3803003, 3726888, 7584869, 4371148, 12906921, 5843117, 1793194, 405451, 8636924, 9086672, 4487752, 5093914, 7784511, 8291035, 2135635, 7495324, 20890068, 27186210, 4569388
s10609, 0, 0, 0, 12415, 145580, 9488, 11546, 4335, 51910, 51241, 42764, 45030, 137746, 137746, 41266, 41266, 135492, 141004, 28865
s10614, 26318394, 29462864, 52095608, 26123830, 1775853, 14718487, 75009, 843227, 388749, 878222, 8679590, 325065, 1683758, 740210, 680440, 707489, 9042364, 9043532, 188275
s10626, 27104586, 46188900, 54134108, 24310736, 15965228, 23994490, 866192, 1379014, 4143075, 7288253, 12140317, 3053122, 12140097, 9753526, 4010855, 6611186, 21387736, 24333652, 2241866
s10650, 18838032, 27357686, 37237028, 18159892, 6177138, 12344880, 261722, 703786, 1238432, 2555287, 6419219, 1021207, 5237903, 4643133, 1818224, 2373230, 9861228, 11925477, 654306
s20700, 2729403, 2658479, 5458806, 5689545, 19569720, 5252935, 5306744, 2411443, 27771558, 10501274, 5697506, 4736612, 20357116, 16401313, 3227080, 8106262, 93489192, 131414584, 2920673
s20718, 176512, 105841, 353024, 244042, 577664, 191717, 148230, 118548, 831612, 283847, 175539, 121236, 809830, 866180, 86485, 226961, 3110317, 3559184, 76099
s20729, 5135, 0, 10271, 242746, 1482027, 311799, 384308, 122635, 3568459, 946964, 329119, 368215, 1303911, 1205211, 246457, 580922, 6040115, 12298096, 229577
s20740, 149897, 346660, 299794, 550946, 414812, 442154, 81935, 121496, 237714, 187337, 351462, 96747, 2393725, 801229, 90156, 184633, 729027, 1773699, 72373
s20800, 150393, 115699, 300786, 302544, 1924400, 346322, 610834, 145014, 2753800, 967209, 378118, 455370, 1325432, 1444581, 364240, 804634, 8147086, 12526249, 270533
s30900, 8847, 4366, 17694, 841724, 1520526, 1010274, 102266, 272, 113583, 0, 722933, 1186401, 3416823, 2556300, 676553, 970192, 14732190, 15365462, 16642
s30923, 0, 0, 0, 345803, 329037, 291164, 47151, 141, 152851, 4083, 216851, 515444, 670798, 332911, 268004, 273318, 1892028, 2601836, 329745
s31000, 9840332, 2466475, 19420614, 7418181, 22425114, 9750896, 1397271, 132, 1451010, 321, 9728012, 21946632, 14783443, 20742006, 8753106, 11742577, 20991570, 27481776, 70771
s31023, 31490, 62694, 62980, 44236, 172014, 40612, 10112, 0, 11301, 0, 75338, 0, 0, 0, 0, 79127, 14227, 14227, 467
s31046, 108626, 0, 217253, 94856, 74293, 52631, 4367, 0, 4881, 0, 49002, 218513, 0, 0, 70974, 70974, 15200, 15200, 201
s41100, 6916026, 4992244, 13832052, 10538873, 7089251, 5249193, 3406064, 3248253, 2877284, 10254130, 12976521, 5134907, 32002030, 22023094, 3697946, 5784150, 53450536, 63258528, 15990859
s41200, 658222, 646435, 1202911, 836292, 492407, 299713, 244696, 180128, 217460, 961856, 1327542, 537029, 2949257, 1920455, 305349, 585443, 4039193, 4912584, 1144750
s41300, 2816655, 2982205, 5365997, 3997222, 1505664, 1754429, 772839, 1128617, 752039, 3749143, 4729877, 1915406, 15368738, 9433042, 1482497, 2153338, 19117542, 20012930, 3250686
s41400, 2754218, 1360148, 5508437, 6289189, 6830156, 4580072, 2907281, 2817309, 2375727, 7570780, 9400596, 3892050, 35138384, 25570622, 2893514, 4168070, 32157930, 37355520, 15235415
s41403, 5912, 0, 11825, 0, 20307, 13135, 11962, 7737, 4113, 0, 0, 12890, 0, 0, 0, 12341, 3024, 3024, 47292
s41408, 653809, 935287, 1307619, 1422720, 388346, 446082, 216888, 261523, 209174, 1324917, 2272265, 591767, 7131498, 5751009, 548482, 603981, 6581983, 6870007, 904368
s41422, 1408003, 2433139, 2816007, 2616217, 377817, 592260, 208153, 388810, 194304, 1215070, 3797788, 499959, 10103931, 3408569, 436037, 503809, 3439736, 3852134, 855326
s41436, 439666, 411754, 879332, 1091455, 625318, 483069, 339289, 291158, 312127, 1490757, 1790975, 748283, 6289342, 6289342, 600094, 739356, 7853574, 9327730, 1456221
s41441, 372518, 127448, 745037, 557050, 1179102, 676379, 469424, 363068, 336712, 971856, 1025157, 456327, 2934685, 2744103, 314704, 543605, 4314862, 5376368, 2745855
s41500, 3846874, 1984357, 7693749, 5413009, 3391076, 2913878, 1700340, 1828805, 1516762, 5796504, 6103340, 2901629, 15608136, 10245839, 1948841, 3306494, 27879334, 32124660, 7909007
s41516, 45, 137, 91, 0, 25468, 4410, 6141, 15038, 6427, 0, 0, 0, 0, 0, 0, 0, 6990, 11416, 59309
s41539, 216764, 0, 433528, 219475, 55417, 80673, 32643, 47520, 34161, 188139, 0, 87852, 0, 0, 52158, 102484, 121271, 145940, 129054
s41626, 16329558, 33722120, 32659116, 13688797, 1150777, 10598842, 78201, 1144463, 30183, 91529, 6412519, 611508, 1940456, 514133, 237127, 282688, 5700105, 5738513, 970385
s51600, 13428612, 23183216, 25254992, 14546951, 17846698, 14589502, 1861262, 1722195, 929497, 1871934, 10118001, 9081047, 18830572, 16288712, 4498471, 6500637, 30229790, 38018184, 23992400
s51610, 5513249, 11065051, 11026499, 5995087, 3172590, 4829138, 274670, 642486, 14969, 105770, 3537912, 2000253, 4277594, 2961253, 757417, 946293, 5709129, 6474878, 3664891
s51624, 990035, 2460729, 1980071, 1253056, 251344, 1061852, 22339, 101780, 455, 8206, 658459, 142372, 1728602, 562488, 67412, 78871, 871077, 1535891, 294057
s51625, 5601005, 10288694, 11202011, 4466569, 907079, 3149672, 60886, 360935, 1242, 22366, 2094354, 577920, 445432, 932017, 214965, 214965, 2162195, 2177749, 801460
s51627, 21507788, 38355832, 42493064, 19163924, 4053300, 15219132, 287625, 1612623, 7573, 109400, 10686746, 2685359, 8841208, 3991684, 906157, 1017439, 11188883, 12613547, 3782569
s51700, 2481828, 3135597, 4745359, 4068312, 9630663, 5261592, 1075686, 532190, 22248, 392398, 3341842, 6438758, 10244338, 9085540, 2514609, 3641412, 16813002, 20041334, 14974542
s51719, 729959, 1976759, 1459918, 1127932, 3067152, 1414327, 398782, 118505, 8216, 147888, 1018098, 2739667, 4338373, 4544316, 1047482, 1369607, 5733402, 7703292, 5299337
s51724, 25900128, 53575288, 51278376, 23670650, 8708757, 20553930, 681847, 1983327, 13744, 247394, 13243068, 5627363, 16866132, 10086695, 2058120, 2338865, 20624230, 22121026, 9115179
s51727, 2856000, 5542084, 5712001, 3515250, 1118061, 3773914, 75047, 289778, 1531, 27568, 2617998, 751347, 5639596, 5022021, 254647, 264965, 5679858, 6207438, 1027834
s51800, 6274205, 8205385, 12548411, 6216551, 11113555, 7386178, 1599326, 1074770, 33180, 584613, 5869509, 7416695, 11671857, 8017336, 4062376, 5411335, 25174128, 35282724, 21451658
s51817, 1221415, 954129, 2316977, 1377836, 3987419, 2340274, 665467, 324740, 14289, 251202, 1541852, 2558203, 2879948, 2948837, 1558217, 2318340, 7181731, 9059025, 9216803
s51821, 734224, 619179, 1468449, 846568, 1179639, 1047689, 90194, 92396, 1840, 33132, 569361, 704515, 1543496, 1336769, 209068, 338530, 1797716, 1828010, 1262153
s51832, 171434, 84167, 342869, 270983, 1391795, 558664, 215649, 100919, 4433, 78288, 543294, 889934, 689103, 695995, 507997, 713209, 3231283, 3836215, 2859329
s51849, 43848728, 98158656, 87527008, 35321700, 3037858, 21782498, 200173, 2793475, 4161, 74906, 13311068, 2091611, 3255370, 2903658, 697372, 719930, 17054772, 17061584, 2684135
s51900, 4678900, 3239799, 9163953, 3933974, 11854859, 5423338, 1479639, 639671, 31743, 543113, 3985137, 6506582, 3123242, 4764669, 3125244, 4959668, 5371359, 6399904, 21609918
s51915, 6179357, 5253413, 12117611, 4706016, 8383387, 5204192, 751762, 498433, 16399, 289058, 3637708, 4364045, 896155, 3067567, 1722074, 2575217, 4355275, 4862308, 10745584
s51933, 1127761, 701130, 2211368, 743596, 2035695, 1056475, 205524, 113132, 4254, 76574, 697817, 1531685, 910421, 1303539, 389263, 686540, 822168, 898958, 2884505
s52000, 750025, 608209, 1500051, 952483, 2695749, 1441446, 621410, 253264, 12896, 227978, 1384843, 1902957, 2300108, 1694016, 1448425, 2002333, 3281366, 4449894, 8416529
s52004, 10113996, 16987038, 19957502, 8001454, 3293652, 6045329, 225091, 667856, 4712, 80771, 3742611, 2108714, 3115800, 2923187, 662820, 815176, 5213265, 6060271, 3039242
s52017, 917146, 1930935, 1834293, 1024490, 1003647, 902163, 165306, 176651, 3361, 59860, 657565, 906211, 1129264, 605955, 387188, 567923, 1577404, 1665772, 2175975
s52021, 82369680, 104271208, 160816224, 61240324, 14863301, 47591508, 1357749, 5009991, 58485, 573234, 32113444, 9403256, 5488292, 4786184, 3671778, 4803809, 35561752, 36754660, 18595376
s52035, 4732592, 5967697, 9174172, 3939419, 2492690, 3128819, 221399, 360363, 4521, 81392, 2167810, 1572669, 516269, 660833, 562179, 780332, 2832409, 2874792, 2916556
s52100, 15976220, 12050426, 30161866, 11570220, 20976288, 13169956, 3069882, 1391642, 66125, 1141246, 9465884, 12555502, 5650479, 9482875, 6103557, 9634125, 12646341, 15732811, 45769584
s52101, 890643, 980350, 1781287, 878735, 1139335, 958223, 146392, 103463, 2987, 52244, 565512, 997867, 220038, 261263, 222306, 437958, 770575, 826925, 1994584
s52104, 4796861, 8116539, 9593722, 3799048, 3015721, 2717346, 249338, 338322, 5137, 89100, 1528730, 1709802, 729053, 1169229, 566189, 867113, 2331272, 2929925, 3313495
s52121, 21638358, 21536050, 39494484, 14844438, 4616421, 11797646, 374793, 1203105, 8043, 141246, 7901993, 3250283, 653867, 571188, 1080225, 1292890, 7189811, 7427356, 5445312
s52135, 3625102, 5147442, 7250205, 2713466, 1106239, 2191188, 137929, 251857, 2864, 51552, 1491243, 846249, 495656, 433699, 297126, 473097, 3230660, 3248223, 1847287
s52145, 50069, 0, 100139, 31597, 250141, 37628, 16790, 2525, 342, 6167, 25515, 12523, 0, 0, 4231, 59280, 21335, 21335, 221015
s52200, 19398582, 40380804, 38797164, 16509538, 9014895, 13328236, 855861, 1517025, 17705, 312347, 7914834, 5672660, 9049506, 7476623, 2390706, 2927842, 22600382, 25014732, 11431929
s52221, 31310568, 35769988, 58679400, 24051600, 17657022, 21585612, 1585293, 2314153, 33127, 588088, 13918595, 9749923, 7355002, 6961968, 4035551, 5476762, 18305200, 20171704, 21448626
s52249, 38094336, 90728552, 75879680, 34970620, 7785272, 29191010, 553034, 2823147, 11353, 200635, 17548398, 5282533, 8578576, 5610863, 1746030, 1950214, 21338608, 22778614, 7322815
s52300, 6162423, 9335163, 12165906, 9753869, 28584362, 12753815, 3942329, 1293448, 82642, 1457387, 9315584, 20611102, 26315524, 26054204, 9119101, 13014590, 38198740, 53647668, 54347824
s52301, 3656568, 1848162, 7114808, 3019943, 4796435, 3572039, 469984, 363294, 9805, 175146, 2486895, 2897065, 934874, 1464177, 1068234, 1658200, 2614208, 2757915, 6454757
s52304, 4906336, 7045546, 9445269, 4335214, 5128383, 4942550, 504605, 445169, 10827, 180813, 3297267, 3066051, 5338535, 4507056, 1200656, 1797506, 5798051, 6216890, 6983585
s52309, 12885097, 20314726, 25770194, 11262034, 7592420, 9527277, 542439, 1020416, 11172, 201111, 6701540, 4559504, 4265768, 3689350, 1699565, 1932905, 8331066, 8626801, 7206499
s52319, 680561, 1528648, 1361123, 839577, 1673010, 1122651, 183344, 96497, 3822, 64391, 833827, 1189094, 2471234, 1283723, 304693, 604178, 1721872, 2113736, 2465681
s52400, 7085420, 7544941, 13572160, 6809859, 22974374, 9173517, 3451067, 901441, 72169, 1262272, 6400326, 15932053, 13242896, 17113578, 7880495, 10975494, 24750052, 34910636, 47344880
s52401, 1866125, 2107252, 3652298, 1545973, 2241198, 1591436, 276527, 162477, 5745, 103425, 1327194, 1274409, 982814, 1195902, 737885, 967822, 1116225, 1253479, 3747622
s52420, 610120, 128495, 1220241, 269735, 905747, 321217, 90171, 23071, 1985, 35738, 176592, 655339, 336928, 405691, 226143, 343484, 287819, 505004, 1280623
s52448, 880071, 331238, 1745383, 767235, 1853803, 823764, 260831, 75867, 5459, 98278, 566183, 1233609, 164913, 391652, 591560, 931139, 738333, 1069458, 3531633
s52500, 6880059, 5027498, 12696670, 5804921, 15999081, 7246145, 2278812, 719108, 48042, 836772, 5052385, 9741625, 5180649, 9151022, 4788888, 7554229, 10795451, 12111681, 31719334
s52520, 2655821, 370670, 5258403, 1228070, 5151892, 1584415, 501323, 125282, 10294, 175815, 1139844, 3169011, 1244776, 2627152, 1006691, 1652129, 1420963, 2249109, 6639682
s52531, 1350390, 605829, 2637093, 661911, 1456029, 788247, 103123, 52909, 2104, 37882, 534496, 830966, 199543, 688071, 299602, 364088, 594598, 612647, 1407533
s52545, 857818, 483504, 1675151, 513812, 1359748, 928450, 110676, 82708, 2258, 40656, 531559, 606618, 0, 179006, 267503, 356267, 439172, 474003, 1486939
s52600, 4201859, 4166542, 8374185, 5757538, 15649089, 7569515, 2449652, 959560, 51297, 902040, 5426179, 11415365, 13400918, 12574316, 5590825, 8255102, 24900272, 32661326, 34207092
s52615, 3662650, 6691492, 7325300, 3702866, 3301206, 3079048, 282114, 489555, 5919, 103626, 2208186, 2031414, 5929504, 4536854, 660375, 989338, 8239902, 8336373, 3848338
s52617, 0, 0, 0, 55013, 681611, 138329, 186958, 22262, 4073, 70289, 177300, 258330, 227305, 309947, 410097, 621190, 269460, 888877, 2627489
s52632, 487075, 700170, 974151, 336326, 1094584, 710309, 110297, 122557, 2359, 40517, 501185, 571209, 744172, 744172, 296314, 408271, 1096891, 1111643, 1522168
s52635, 3590372, 4773047, 7180745, 3435218, 7210168, 4103586, 1286792, 519930, 26834, 477999, 3028431, 5225167, 3898212, 4621384, 2942985, 4394462, 9546949, 11199513, 17352210
s52649, 1610682, 3300073, 3221364, 1342846, 215315, 563929, 20811, 112255, 424, 7645, 507879, 217460, 0, 0, 51026, 73477, 548980, 552490, 273949
s52700, 3319224, 3774328, 6585436, 4258361, 11494537, 5960658, 1656476, 656094, 39282, 621090, 4492505, 7986862, 14854600, 13885939, 3811444, 5601175, 23268248, 35380940, 22446520
s52709, 28683058, 38811092, 56765036, 23121876, 24978350, 23837722, 2888990, 2350741, 97537, 1157616, 16329938, 17711928, 18953790, 19833914, 7482216, 10125446, 33837864, 41951228, 39019260
s52714, 29357864, 33220862, 55760248, 20470210, 2884855, 16417078, 198790, 1611984, 87262, 256846, 10348907, 1684470, 0, 0, 675916, 808181, 9552970, 9556614, 2487231
s52724, 2502819, 4530406, 5005639, 3335815, 4756705, 3860060, 441050, 491937, 30427, 208507, 2570843, 2506012, 9215737, 7240335, 1156435, 1553588, 12575661, 16780636, 6027208
s52727, 9651834, 21507376, 19139486, 9713531, 4044685, 8015933, 296537, 903563, 25186, 150609, 5401961, 2488072, 5095879, 3426351, 918800, 1073909, 9794259, 11489552, 3969854
s52800, 2459707, 2446615, 4525020, 2933746, 4922382, 3640934, 537654, 335030, 11403, 195569, 2258589, 2554028, 2115399, 2101616, 1227930, 1834101, 4736750, 4961358, 8403444
s52815, 1532852, 851842, 2969650, 1368196, 3674438, 1933851, 269984, 142804, 5664, 99178, 1161765, 1476800, 2467069, 3045849, 596760, 939774, 3372926, 3645388, 3724020
s62900, 78820, 140671, 157641, 226774, 440676, 278974, 135495, 134967, 105112, 839025, 288959, 572720, 651141, 728861, 412719, 537367, 4396484, 6894708, 712200
s62907, 0, 0, 0, 15560, 58204, 13375, 18188, 11146, 14031, 0, 17277, 28089, 0, 0, 51011, 51011, 16496, 21764, 94061
s62930, 12810, 3765, 25620, 165196, 262399, 140027, 79025, 75948, 60962, 487379, 270550, 307536, 446609, 441736, 249844, 334990, 2108112, 2401908, 424056
s62944, 474967, 765731, 949935, 1741251, 2783754, 1641413, 873198, 723181, 666984, 5678259, 2692255, 3685993, 4966426, 4456164, 2279157, 3361789, 29368354, 41010680, 4548324
s63000, 174958, 314143, 349916, 2096742, 6838459, 2094392, 2015276, 705018, 1544736, 10228613, 3134859, 7220921, 7494139, 7893581, 4936680, 7144868, 69212664, 107331640, 10335509
s63023, 205311, 434472, 410622, 2040437, 4211747, 1826578, 1292070, 664356, 1003764, 6639255, 2886875, 4634972, 7928299, 7748254, 3093158, 4486124, 63759036, 87494960, 6737850
s63038, 28628, 80799, 57256, 626554, 1087736, 606831, 339917, 193226, 262222, 2296178, 800311, 1472954, 2471069, 2471074, 1255848, 1515420, 12647363, 18803172, 1757859
s63044, 0, 0, 0, 2897, 36017, 3620, 11255, 1131, 8682, 0, 9374, 0, 19452, 29178, 0, 0, 13315, 17661, 58207
s63100, 78356, 94363, 156713, 389498, 698582, 292493, 209932, 98010, 155821, 1938825, 480450, 1241559, 1533077, 1272606, 713192, 866326, 15146713, 23135478, 1037282
s63123, 0, 0, 0, 1131, 64247, 7109, 20077, 2221, 15279, 10977, 5616, 22236, 14599, 19464, 21460, 29194, 1555025, 1563740, 103827
s63144, 0, 0, 0, 30496, 88152, 25974, 16460, 6830, 5904, 11671, 17143, 35408, 351630, 73592, 74229, 82868, 575336, 2125756, 21081
s63200, 2288, 6864, 4576, 231347, 826141, 145390, 257178, 46934, 199389, 2874914, 291810, 1535110, 952969, 982131, 875361, 1089592, 11699497, 18437114, 1352533
s63244, 0, 0, 0, 15136, 42071, 6520, 13147, 2037, 10142, 31501, 16883, 15750, 19452, 9726, 9963, 9963, 732926, 751656, 67990
s63349, 1254460, 0, 2508921, 803866, 195105, 937586, 25391, 75051, 26103, 175370, 696630, 417120, 0, 0, 103992, 103992, 452847, 452847, 327858
s73300, 185708, 127599, 305036, 345045, 2740944, 863718, 476097, 196018, 596223, 1388045, 674796, 1328780, 701996, 1160382, 1108294, 1673132, 4526514, 6889625, 6363546
s73312, 204863, 62987, 409726, 295202, 1558676, 660831, 308010, 245343, 425779, 1081820, 537165, 647682, 222404, 285266, 659401, 1129913, 1291358, 1772033, 4000015
s73333, 6839779, 2231071, 13613296, 5352436, 4266129, 4488078, 744093, 963858, 957271, 4995969, 5108555, 7708990, 1846493, 1783411, 2481349, 2861614, 5670623, 6847647, 9613097
s73400, 2139468, 2858169, 4218612, 3990129, 9865927, 4331370, 1932182, 1194724, 2578451, 9282956, 4493969, 9823760, 10382544, 10250020, 4690483, 6962369, 58520328, 77196904, 25052824
s73443, 0, 0, 0, 28574, 280591, 108037, 54514, 38112, 68390, 185234, 60652, 128414, 29093, 67878, 118472, 181784, 127224, 259774, 699073
s73444, 0, 0, 0, 1284, 100104, 48007, 20149, 11008, 24655, 44597, 14367, 29157, 4849, 9706, 44290, 68057, 45309, 73383, 244215
s73447, 749866, 892825, 1499733, 1207122, 1321570, 1072683, 265637, 327792, 360367, 1573036, 1124408, 1658639, 2703971, 2422928, 659224, 911554, 7847940, 9903821, 3427467
s73500, 125753, 43176, 251506, 284398, 2224606, 846923, 430341, 214189, 568230, 2016919, 729812, 1745824, 677579, 914703, 1053201, 1597094, 4474094, 8062678, 5772234
s73512, 1219729, 800916, 2439459, 1272857, 3960791, 2432382, 769192, 750455, 1053651, 3777555, 2693244, 3328292, 2226036, 2438951, 1955026, 2498227, 10471366, 15797070, 9903689
s73533, 6628355, 2895240, 13256711, 6611628, 4282488, 4893958, 834627, 1111034, 1137392, 5817426, 6089267, 8130571, 4169383, 3782486, 2695932, 3087947, 7298437, 10123255, 10702874
s73549, 51648108, 9120627, 102808008, 47643748, 13532449, 21024884, 2585984, 4169884, 3543701, 23604820, 24874404, 45734716, 3122190, 3243098, 10220098, 11087118, 18795604, 19959872, 33169184
s83600, 1247069, 2154579, 2494138, 1516394, 1335816, 874859, 222636, 156891, 52384, 72029, 1025865, 766129, 2016854, 775663, 1196508, 1603886, 2437437, 2592354, 26192
s83700, 15290967, 25351260, 30154330, 17901302, 20548776, 9239409, 3611822, 1929213, 1065000, 2395544, 12517478, 11850639, 37265808, 32080758, 20771916, 25686078, 61135012, 75390912, 1651060
s83703, 2272755, 3914448, 4503221, 3426102, 4612301, 2062226, 775577, 401793, 193495, 260704, 2450584, 2551707, 7925589, 5675475, 4481862, 5277187, 16389340, 18198326, 183370
s83706, 56886, 118908, 113772, 77886, 257793, 81503, 42965, 13583, 10109, 13900, 124768, 147851, 423162, 423162, 183213, 316556, 1086824, 1096511, 5054
s83716, 4042622, 8802986, 8085244, 4522359, 1628762, 1883066, 279451, 374553, 74793, 173627, 1936416, 944358, 5567278, 3296559, 1826690, 2082961, 6541445, 6618668, 75624
s83734, 534990, 1466345, 1069980, 840100, 383412, 471198, 63902, 87434, 15035, 20674, 278076, 202042, 545103, 512562, 377921, 406691, 2033219, 2054111, 7517
s83800, 30180436, 19707826, 56842156, 20365454, 7745553, 8086898, 1324051, 1437296, 540634, 782505, 14537724, 4260935, 8782079, 7978019, 6134538, 9203394, 41691724, 45867400, 644355
s83811, 4150482, 2174157, 7657613, 3731523, 6077667, 2067488, 1012944, 355730, 238339, 327717, 3275694, 3363111, 5900487, 6144137, 4041651, 6585170, 16640676, 21829566, 119169
s83826, 9675886, 13414821, 18574270, 9115015, 10502662, 4571600, 1632692, 727461, 684024, 929031, 6366627, 5323611, 11372750, 11110783, 8078344, 12023386, 40060548, 50449208, 366066
s83828, 1411307, 2428815, 2822614, 1665870, 1309698, 798414, 235249, 167682, 74547, 252796, 974009, 805700, 1791635, 1864740, 1461093, 1791024, 2545391, 3460870, 118439
s83841, 443509, 879267, 887018, 869052, 3469486, 643218, 580351, 115666, 138933, 209669, 997067, 1971991, 2185694, 2835692, 2287986, 3669683, 3522769, 5496586, 79531
s83900, 20486398, 13395743, 40797568, 16384668, 9980802, 6616076, 1676539, 1149907, 400613, 603400, 11843771, 5474743, 11351918, 10668714, 8676371, 11658091, 55661988, 69488448, 231067
s83902, 9286, 23831, 18573, 6118, 72694, 32061, 12115, 5343, 2850, 3919, 24072, 41692, 195463, 195463, 96482, 96482, 583826, 583826, 1425
s83903, 837660, 2323418, 1675321, 1237485, 966152, 583125, 168207, 119175, 50805, 90292, 490845, 548190, 504451, 146428, 612633, 1111035, 1100152, 1373132, 111184
s83906, 10300868, 20305816, 20601736, 8892084, 5222064, 3441195, 892429, 684239, 234406, 517945, 6243914, 3040650, 7648737, 6680686, 4904160, 6790235, 16198610, 19012954, 223137
s83942, 1198369, 3029098, 2396738, 3790031, 6135382, 2123635, 1024431, 430376, 241042, 328452, 2518491, 3433935, 16635029, 14185555, 5610572, 7565257, 53627128, 63909888, 120521
s83946, 17978166, 6022795, 35956332, 11381481, 308748, 4815743, 39176, 694407, 7438, 13037, 7985760, 192849, 56957, 56957, 303660, 303660, 11543119, 11543119, 112646
s84000, 65964, 86333, 131928, 938318, 1576331, 651415, 265200, 139907, 119015, 331687, 573565, 924241, 2538743, 2494733, 1430866, 1750867, 5815707, 9606571, 644821
s84033, 1858608, 3952411, 3707022, 2923621, 2432047, 1449619, 391727, 291763, 99165, 156487, 1681758, 1329006, 8597495, 8124839, 2474314, 2764771, 15546316, 20312404, 87809
s84046, 10449244, 1753701, 20898488, 6553557, 86666, 2269822, 14444, 378303, 3398, 4673, 4824376, 49705, 0, 0, 128300, 128300, 9409153, 9409153, 1699
s84049, 91113912, 140593120, 181959200, 76063720, 6179576, 27503906, 976246, 4596594, 308437, 1006954, 49818528, 4843364, 52006424, 34775456, 7643865, 7893493, 127867040, 129273648, 1722598
s84100, 108194, 283168, 216388, 1601137, 4393938, 1633945, 722824, 302277, 212219, 369506, 1727306, 2150827, 7774598, 6715255, 3105485, 4261848, 36763716, 40729140, 355325
s84123, 219663, 410415, 439327, 444027, 516701, 266537, 89973, 57299, 25601, 143118, 380086, 339349, 2710768, 2645384, 509234, 614999, 6274408, 9903060, 52352
s84133, 279901, 640402, 559803, 1246623, 2000483, 1129442, 331966, 217840, 78639, 108129, 1028111, 1139590, 3780546, 2841513, 2046150, 2329966, 15119752, 17534394, 39319
s84137, 0, 0, 0, 0, 12440, 11821, 2073, 7744, 487, 670, 0, 7134, 0, 0, 18416, 18416, 68900, 68900, 243
s84146, 11726542, 15039803, 23453084, 15402296, 4708258, 6821530, 773016, 1237550, 187508, 248031, 8628285, 2912534, 45507116, 32391832, 5321180, 5786330, 30529708, 32197920, 90503
s84200, 3255182, 7161533, 6459192, 4411658, 3922480, 2242626, 653654, 448212, 152792, 210089, 2853400, 2153598, 12763510, 11020947, 3890942, 4820939, 27570962, 32438214, 76969
s84202, 6598791, 11230338, 13000765, 6043957, 1259594, 2224897, 209932, 407786, 49395, 67919, 3679109, 720948, 12131534, 9247098, 1601031, 1675401, 29469108, 32698304, 24697
s84205, 16982308, 28656570, 33964616, 15922119, 1863060, 5109813, 310510, 988434, 73061, 100459, 7547391, 1068520, 5828019, 3871534, 2431889, 2577392, 21930962, 22018716, 36530
s84206, 4014676, 9349348, 8029353, 5208275, 3677889, 2301077, 612981, 418101, 144230, 198317, 3363880, 2087433, 12292747, 10378485, 3800332, 4705474, 23468050, 28057190, 72115
s84216, 864441, 2149371, 1728883, 1110639, 132536, 384669, 22089, 64111, 5197, 7146, 701441, 76013, 4616439, 2385571, 196206, 196206, 1582636, 1654133, 2598
s84239, 0, 0, 0, 43349, 100907, 26444, 16817, 9348, 3957, 5441, 56907, 57873, 105895, 105895, 103564, 103564, 708945, 741797, 1978
s84246, 17844342, 15641510, 35511700, 13760818, 1296058, 4823242, 216009, 846539, 50825, 69885, 8662009, 743327, 6085847, 4593010, 1686323, 1850841, 18302046, 18895700, 25412
s84300, 8705654, 10450667, 17263806, 7158066, 2139214, 2694103, 356535, 474132, 83890, 115349, 4775717, 1193219, 3544429, 3593328, 2392307, 2733351, 11756709, 13274472, 41945
s84302, 2706991, 1349726, 5413983, 1834478, 37215, 590103, 6202, 107425, 1459, 2006, 1250125, 21344, 0, 0, 55093, 55093, 3069087, 3069087, 729
s84346, 93573048, 41483276, 186114032, 62113004, 1716416, 21015764, 283164, 3611653, 67310, 91612, 42925284, 974419, 2658458, 2218085, 2468432, 2468432, 86012704, 86398480, 33655
s84349, 25533956, 49138268, 50946188, 24559718, 3402164, 8479554, 567027, 1539256, 133418, 183450, 14708588, 1951241, 37413508, 28163944, 4649080, 4855443, 38616276, 39251240, 66709
s84400, 15332, 45997, 30665, 1289301, 3922599, 1173413, 715792, 256310, 243548, 1245398, 1399414, 2431925, 7173964, 6144369, 2548828, 3682300, 28656766, 34045528, 795006
s84407, 8408, 21488, 16816, 332179, 1407232, 304798, 238952, 57580, 61295, 179731, 433282, 778324, 1927223, 1906008, 848300, 1501797, 4565779, 5262487, 75916
s84423, 0, 0, 0, 213954, 1261788, 190165, 231100, 39577, 78157, 189122, 299759, 843579, 1332913, 1332914, 843558, 1547572, 8111921, 13052828, 252480
s84430, 9339, 14912, 18679, 81677, 175912, 95555, 29318, 21846, 6898, 9485, 95252, 89864, 571146, 146872, 149230, 153393, 1300032, 1333369, 3449
s84433, 61044, 60513, 122088, 102019, 105758, 47454, 17626, 11960, 4147, 5702, 69601, 47803, 342666, 122370, 79566, 123391, 612293, 613310, 2073
s84437, 51845, 118596, 103690, 1590746, 2828525, 1495785, 472048, 325505, 111070, 150304, 1495974, 1561799, 10034939, 6164999, 2755278, 2928197, 12819985, 13886083, 55535
s84444, 622878, 984354, 1245757, 1687307, 4628657, 1279206, 795181, 257204, 207558, 747124, 1731518, 2521952, 6368208, 5668629, 3219098, 4969921, 23611686, 31583782, 295790
s84449, 6093450, 15721055, 12186901, 9087359, 2930332, 4517871, 493234, 863203, 116055, 159575, 5293744, 1695422, 33151344, 24805430, 3620208, 3695158, 30509322, 30952494, 58042
s84500, 1056239, 2077843, 2092647, 2433448, 3901816, 1608482, 687814, 319521, 195807, 419322, 2272513, 2193913, 10674412, 8929964, 3593808, 4664452, 17036586, 20674564, 405934
s84505, 4084567, 4443255, 8169135, 4059594, 830916, 1531465, 138486, 267670, 32584, 44804, 2001379, 476555, 603201, 603201, 1138750, 1159441, 5657788, 6206370, 16292
s84513, 3728364, 8260181, 7456729, 6709717, 1643701, 2599329, 273950, 487104, 64458, 88630, 2996863, 942711, 16476788, 9012911, 2064546, 2242390, 16698354, 18577272, 32229
s84516, 243933, 598518, 487867, 326550, 390035, 221940, 65005, 50167, 15295, 21031, 237249, 223696, 0, 0, 503082, 503082, 409904, 439840, 7647
s84539, 2356737, 4949942, 4713475, 2776962, 3876119, 1798050, 652217, 356928, 160474, 275553, 2132834, 2211580, 7266694, 6085095, 4066115, 5001428, 17391464, 18906042, 109886
s84600, 14185212, 16214710, 28161820, 14091549, 9068101, 6946791, 1402165, 1207144, 452065, 587313, 10417603, 7246131, 36799348, 30271040, 9428562, 10617924, 46226588, 49496424, 412433
s84605, 4511365, 9415864, 9022731, 5776240, 1125877, 2516277, 187646, 493311, 44152, 60709, 2954791, 645723, 7597279, 5026648, 1394597, 1466320, 7413437, 7459215, 22076
s84613, 2615624, 6200866, 5231249, 5863881, 2071550, 2409783, 345258, 426178, 81237, 111701, 4021650, 1177038, 32603616, 21417664, 2315745, 2566683, 24767578, 25602738, 40618
s84646, 11201038, 13655159, 22402076, 7826590, 2551718, 3323388, 290645, 552032, 133125, 70293, 4697150, 2467215, 8121719, 5141504, 2555075, 2937500, 13538006, 14234484, 28950
