10100 0.0008480527 0.0029878465 0.00081248005 0.0033804483 0.0006798495 0.00018527523 0.00018443809 0.0 0.000119922246 0.0006837879 0.00031978017 0.00023710787 
10200 0.00085228455 0.0023332306 0.0005780338 0.0035322427 0.00040635487 0.00013687887 0.00012202882 0.0 8.428951e-06 0.00036879865 0.00036623894 0.000105485946 
10214 0.000857381 0.0026878724 0.0004524286 0.0040062172 0.0003077576 9.449433e-05 4.5824097e-05 0.0 0.0 0.00027587858 0.0002673539 0.00035476536 
10226 0.00081986305 0.0024052374 0.00053861376 0.0040601287 0.00034554704 0.00010333722 5.8606278e-05 0.0 5.971749e-06 0.0003172504 0.00035806748 0.00016156839 
10240 0.00088585145 0.0026993407 0.000759467 0.003939671 0.00052406575 0.00015616916 0.00015835113 0.0 4.2341588e-05 0.00055483653 0.00041993498 0.00011414298 
10300 0.0009244703 0.001916282 0.00045157073 0.002692607 0.00066433527 0.0002315637 0.00016771826 0.0 7.527111e-07 0.0002496919 0.0001294349 9.82964e-05 
10400 0.0008763224 0.001839547 0.0003286588 0.00231516 0.0004073136 0.0001229785 5.2026124e-05 0.0 0.0 0.00019932222 8.7963286e-05 0.00014631152 
10410 0.0009942217 0.002432081 0.00047136546 0.002617724 0.0005059098 0.0 1.1266783e-05 0.0 0.0 0.0001517105 4.5557927e-06 0.00019546642 
10426 0.00074728817 0.0021302826 0.0004073455 0.0026449617 0.00042250202 2.9519704e-05 1.2353606e-05 0.0 0.0 0.00015710155 5.76277e-05 0.00027561042 
10500 0.0008101177 0.0019782751 0.0003947541 0.0021274532 0.0007680396 0.00039842582 0.00027255333 0.0 4.5748093e-05 0.00040788588 0.00022569673 6.799358e-05 
10600 0.00091214816 0.002020832 0.00043635635 0.003034294 0.00048573338 0.00017435971 0.00015404647 0.0 2.0991688e-07 0.00030047595 0.0002797689 0.00017167616 
10609 0.00085041014 0.0017249142 0.00028083232 0.002090581 0.00027988624 5.191999e-05 2.0691381e-05 0.0 0.0 0.00022929983 0.00017795211 0.00022965936 
10614 0.00081985345 0.0025142084 0.0004317334 0.0035941135 0.00032302886 8.784119e-05 5.0025283e-05 0.0 0.0 0.00033994723 0.0002869947 0.00050712586 
10626 0.00087597535 0.0021258001 0.00041700434 0.0032668018 0.00036566512 0.00012678781 9.330892e-05 0.0 2.1610447e-10 0.000310681 0.0003396149 0.00028813691 
10650 0.00081230566 0.0021246097 0.0004261169 0.0034701026 0.00034148482 0.00012881163 0.00010147495 0.0 0.0 0.00029966078 0.00033719052 0.00040248458 
20700 0.00079900096 0.0021617387 0.00056632323 0.0028829 0.0007379183 0.0003030335 0.0002473778 0.0 6.540528e-05 0.0004503787 0.00025671136 0.00010431086 
20718 0.00079463364 0.002460442 0.00070418423 0.0035939307 0.0008890377 0.00036312733 0.00030804577 0.0 4.768543e-05 0.00046618684 0.00027795637 8.056851e-05 
20729 0.00093198096 0.0028245416 0.0007849459 0.0038548985 0.0007355213 0.00027231735 0.00023757183 0.0 4.543208e-05 0.00042798943 0.000394906 0.00010123555 
20740 0.0009470084 0.0028231398 0.000763436 0.0038560405 0.0007452904 0.00026719316 0.0002507323 0.0 3.0929627e-05 0.0003492875 0.0003653387 9.130398e-05 
20800 0.0008178922 0.0021309818 0.0005827323 0.002277447 0.0006992885 0.0002886285 0.0002553386 0.0 0.00014205356 0.000532443 0.000213206 0.00024878344 
30900 0.00096181186 0.0036220646 0.00063903764 0.006225127 0.0022322698 5.327622e-05 0.0 0.0 9.834633e-05 0.00069212477 0.0012462424 0.0020902993 
30923 0.0009238872 0.0033138464 0.0005401024 0.0062801 0.00219977 3.796561e-05 0.0 0.0 7.572254e-05 0.0005682651 0.0008949208 0.0016289671 
31000 0.0008936009 0.0047078715 0.00076655095 0.0044348147 0.0012057436 7.678313e-05 0.0 0.0 9.443676e-05 0.0008652612 0.00021642626 0.00093307305 
31023 0.0009965238 0.0052220817 0.0006807835 0.0051716114 0.0012923516 8.804598e-05 0.0 0.0 0.0001803844 0.0010490718 0.0002106366 0.0009789892 
31046 0.0006023814 0.0047352165 0.00059021835 0.0038073978 0.0012277324 5.061155e-05 0.0 0.0 0.0 0.0010442593 0.00011730658 0.000931155 
41100 0.0008675099 0.0034976923 0.00086705195 0.0028284153 0.00073667354 0.00014722139 0.0001107466 0.0 0.00013737481 0.00062765594 0.00017722703 9.501337e-05 
41200 0.00090312323 0.0038050709 0.00094856316 0.002793632 0.0007213701 9.0220856e-05 6.762621e-05 0.0 8.9653506e-05 0.0006253214 0.0002529916 8.9046895e-05 
41300 0.0008508932 0.0037787855 0.00086655 0.002701924 0.0007505342 4.876955e-05 3.6536876e-05 0.0 2.8755221e-05 0.0006334208 0.0002472633 9.964904e-05 
41400 0.00093386427 0.0038219292 0.0008822474 0.0038734886 0.0007092441 8.5008265e-05 5.7768437e-05 0.0 0.000111860485 0.000722525 0.00020273447 0.00015445186 
41403 0.00084221386 0.0036502667 0.00079347234 0.0035203604 0.0007611289 3.8103375e-05 1.8364852e-05 0.0 8.232131e-05 0.00077771867 9.765867e-05 0.00012511505 
41408 0.00093370094 0.0043593934 0.00076310243 0.0038272422 0.00082809344 4.897028e-05 2.6122148e-05 0.0 8.81829e-05 0.0007658554 0.00011499469 0.00010258321 
41422 0.000937152 0.0046620206 0.0007646032 0.0039914073 0.0007963497 5.62863e-05 3.1559084e-05 0.0 9.018705e-05 0.0006631592 0.00013668856 8.041504e-05 
41436 0.0010637308 0.0044299257 0.0007985624 0.0040409276 0.00077750353 7.245295e-05 4.369303e-05 0.0 0.000110132314 0.0007134564 0.00014101678 0.00011001708 
41441 0.00083420955 0.0035201348 0.0007859841 0.003942728 0.00066691724 7.376874e-05 4.4838816e-05 0.0 0.000105582534 0.0006747545 0.00019159274 0.000120437064 
41500 0.0010430666 0.0051433225 0.00074834964 0.0034918045 0.0006330175 1.149755e-05 1.4647225e-06 0.0 5.2203627e-06 0.0007942226 0.00013185212 0.00020254294 
41516 0.00095055025 0.0052206414 0.0007215336 0.0037494104 0.0006286873 0.0 0.0 0.0 0.0 0.0010032979 0.00018488552 0.00024970324 
41539 0.0009565787 0.0050198263 0.00068153336 0.0036486133 0.0006685685 0.0 0.0 0.0 1.949663e-07 0.00064647157 9.177131e-05 0.00018723561 
41626 0.0010401756 0.0032936437 0.0006712249 0.002767527 0.000541966 0.0 1.9178078e-06 0.0 0.0 0.00016081815 1.8136423e-05 0.0002486886 
51600 0.0033595248 0.0037049188 0.0011361052 0.0028942518 0.00079268723 2.7380945e-06 1.3040295e-05 0.0 0.0 0.00015777937 0.00013066141 0.0005961407 
51610 0.0012100036 0.0033179247 0.00067969755 0.0027430588 0.000497086 0.0 1.1051088e-06 0.0 0.0 0.00013588827 3.773929e-05 0.00024824066 
51624 0.0014307946 0.0042260564 0.00064396835 0.0027082416 0.00052862335 1.4227064e-05 2.698199e-08 0.0 0.0 0.00019709209 9.387772e-06 0.00027695054 
51625 0.0024613098 0.0039924784 0.0009156571 0.0031146547 0.0007407013 0.0 2.9401144e-06 0.0 0.0 0.00011224145 6.767207e-05 0.00030658994 
51627 0.0014748317 0.0036835459 0.0006921124 0.0027823898 0.00056869996 3.1672466e-06 2.1315552e-06 0.0 0.0 0.00015661797 2.2698958e-05 0.00023233479 
51700 0.004074694 0.0037589893 0.0014604933 0.002931083 0.0010670442 3.363883e-06 4.495933e-05 0.0 0.0 0.00013603018 0.0001550508 0.00072822685 
51719 0.0018995446 0.0036241326 0.0006870154 0.0024304984 0.00047059607 0.0 1.3775171e-05 0.0 0.0 5.0267463e-05 8.936473e-06 0.00025374696 
51724 0.0016471072 0.0035760526 0.0007002054 0.0025460708 0.00054662285 2.1324197e-06 6.0459397e-06 0.0 0.0 9.887265e-05 1.7314742e-05 0.00032572311 
51727 0.0011320236 0.003164993 0.00061259227 0.0025252942 0.0004887968 2.9082685e-07 6.0954417e-06 0.0 0.0 0.000115133545 1.2169693e-06 0.00024925786 
51800 0.0008481172 0.0016336599 0.00029439467 0.002881502 0.00022419228 4.3688156e-05 8.559764e-06 0.0 0.0 8.999942e-05 0.00020795895 0.000372606 
51817 0.00085150305 0.0014452005 0.00026913613 0.002932298 0.00021614082 5.1654293e-05 1.2963024e-05 0.0 0.0 0.000103204664 0.00019100221 0.0003324666 
51821 0.0009397017 0.0026138318 0.00037680074 0.0038985906 0.00027901414 5.499488e-05 3.0369305e-05 0.0 0.0 0.00013891715 0.00038971062 0.0009191753 
51832 0.00091490545 0.0016000372 0.00033001206 0.0029852833 0.00022421182 4.8265327e-05 2.410331e-06 0.0 0.0 7.6122196e-05 0.00012415208 0.0002975562 
51849 0.00075901253 0.0025068289 0.00040673072 0.00330903 0.00031806712 5.2369905e-05 4.042004e-06 0.0 0.0 9.5458985e-05 0.00025810173 0.0006055619 
51900 0.004558433 0.0034265204 0.0011426767 0.0025885073 0.0014091352 0.000113453425 9.412088e-05 0.0 0.0 1.8102546e-05 0.00015507107 0.0015354924 
51915 0.0031566282 0.0043375967 0.00074547215 0.0035327077 0.000764094 8.723848e-05 2.4297553e-05 0.0 0.0 1.5981332e-05 7.508806e-05 0.000511576 
51933 0.00380492 0.003139361 0.0008953428 0.0027093764 0.0013459515 0.000148581 7.173558e-05 0.0 0.0 2.0601405e-05 8.9644556e-05 0.0011774924 
52000 0.00091726024 0.0017558453 0.0002904934 0.0027596187 0.00022292945 5.751802e-05 1.927038e-05 0.0 0.0 0.00013868006 0.0001685449 0.0003611549 
52004 0.0012258189 0.0028415297 0.00048964407 0.0035386342 0.0003005008 3.2883643e-05 1.1104327e-05 0.0 0.0 0.00018294239 5.5917604e-05 0.0003080779 
52017 0.0008353703 0.0017165678 0.00032157073 0.0030259048 0.00023191985 5.3500466e-05 1.9207682e-05 0.0 0.0 0.00013720713 0.0001666935 0.00035121653 
52021 0.0010524124 0.0026048191 0.00042682677 0.0036493614 0.00030359867 7.157174e-05 2.854884e-05 0.0 0.0 0.00021050994 0.00022617693 0.00048873527 
52035 0.0009134937 0.0022951032 0.0003900853 0.0026153855 0.00027268002 3.8214464e-05 9.6116355e-06 0.0 0.0 8.035478e-05 3.1463587e-05 0.00017981009 
52100 0.002705043 0.0037393663 0.000691997 0.0031065247 0.0006443983 3.0823554e-05 5.2607884e-05 0.0 0.0 1.7995893e-05 6.147236e-05 0.0005530558 
52101 0.0026939714 0.0052627646 0.00090829656 0.0037657185 0.00057312835 1.2179538e-05 3.4416622e-05 0.0 0.0 6.795044e-06 2.2631419e-05 0.00047811065 
52104 0.0014170123 0.0036959543 0.0006325618 0.0034279712 0.00034045597 1.2705541e-05 1.5278132e-05 0.0 0.0 8.093647e-05 7.378008e-06 0.00032920853 
52121 0.0024761555 0.00418373 0.00069526385 0.003356812 0.0005272926 1.7461502e-05 3.312493e-05 0.0 0.0 4.535862e-05 2.6696438e-05 0.00044117653 
52135 0.0015757144 0.0032018383 0.00041981193 0.0028172862 0.00041826183 3.50208e-05 1.7718667e-05 0.0 0.0 5.2007203e-05 2.3363944e-05 0.00024095764 
52145 0.004326528 0.0029109907 0.0011927204 0.0025919823 0.0015950936 1.6422464e-05 0.00015340988 0.0 0.0 5.4549055e-05 7.445286e-05 0.0011373293 
52200 0.0007761216 0.0021524243 0.0003924251 0.0035944574 0.00042987906 2.6899272e-05 3.9941383e-06 0.0 9.714689e-06 0.00022161123 0.0002154526 0.00035243836 
52221 0.00091536046 0.0026653768 0.00040292338 0.003943319 0.00042088865 4.0938914e-05 7.324843e-06 0.0 1.1496872e-05 0.00031814136 0.00028489882 0.00035205137 
52249 0.00064828503 0.0027749946 0.00039833045 0.0037543182 0.0004815299 3.930808e-05 3.4842058e-06 0.0 9.137516e-06 0.0002601273 0.0002389023 0.00046465994 
52300 0.0032702538 0.003287468 0.0011175856 0.0026601802 0.0008686957 1.8213635e-07 4.953449e-05 0.0 0.0 4.432908e-05 7.219256e-05 0.0006191283 
52301 0.002922365 0.0052136662 0.0009202423 0.0036315692 0.00060469494 1.0205926e-05 3.280709e-05 0.0 0.0 7.3390934e-06 2.23773e-05 0.00047808883 
52304 0.002440481 0.0051596896 0.0009627204 0.0034798707 0.0005932287 2.6518748e-07 2.4713863e-05 0.0 0.0 9.515985e-06 2.111357e-05 0.00044202854 
52309 0.0022366652 0.0052622515 0.0010684823 0.0033845173 0.0005360574 0.0 1.4104821e-05 0.0 0.0 8.378145e-06 1.4468778e-05 0.00036877234 
52319 0.0022779482 0.0033537815 0.0006890029 0.002411555 0.00062718766 0.0 1.2467458e-05 0.0 0.0 3.3728014e-05 1.3934669e-05 0.00033532726 
52400 0.0042687343 0.00274168 0.0018186806 0.00251458 0.0012196986 1.4343044e-05 0.00014204375 0.0 1.807774e-06 3.8339276e-05 0.00012038407 0.00089421717 
52401 0.0035670712 0.0032176757 0.0009909928 0.0030039505 0.0010336873 8.798175e-06 7.287703e-05 0.0 0.0 1.8537867e-05 5.86151e-05 0.00079877273 
52420 0.003993033 0.0029418068 0.0010576595 0.0029277385 0.001158173 3.9279214e-05 0.00012924292 0.0 0.0 1.2084951e-05 5.00082e-05 0.0007974014 
52448 0.004027068 0.001970186 0.0022788497 0.0020843914 0.0013304527 7.306968e-06 0.00019463919 0.0 3.3015144e-06 5.3119908e-05 0.00013159953 0.0007575916 
52500 0.0048238584 0.0028712994 0.0016973644 0.0025665264 0.0016728058 1.2672167e-05 0.00020321581 0.0 2.811443e-07 2.0014346e-05 9.471473e-05 0.00095955224 
52520 0.0039231624 0.0039365767 0.0009055626 0.003485505 0.0011616544 4.2319363e-05 0.000121191464 0.0 0.0 4.5018387e-06 5.1583276e-05 0.0008769701 
52531 0.0041439254 0.0018384026 0.0016817044 0.0020280988 0.0015056253 0.0 0.00026901014 0.0 0.0 2.0026462e-05 8.092448e-05 0.0010743228 
52545 0.0038773252 0.0018438671 0.0012982117 0.0017000053 0.0013312213 4.43485e-06 0.00018669423 0.0 0.0 5.5830442e-05 6.0629518e-05 0.0011301888 
52600 0.0021132487 0.0031660227 0.0004910268 0.002826709 0.00041663824 6.029369e-05 1.0580436e-05 0.0 0.0 2.8142622e-05 5.348851e-05 0.0003504575 
52615 0.0016105727 0.003241684 0.0005372654 0.0034886065 0.00043322955 3.9075094e-05 1.9776046e-06 0.0 0.0 2.1264512e-05 2.9885134e-05 0.0004260618 
52617 0.0009498606 0.0017319517 0.0003318838 0.0027570336 0.00021943849 7.563997e-05 3.470363e-06 0.0 0.0 9.0805246e-05 5.0987506e-05 0.00023151615 
52632 0.0010238437 0.0020488207 0.00038543044 0.0031328583 0.00026825827 5.2642532e-05 1.9510549e-07 0.0 0.0 3.898501e-05 9.6161475e-06 0.00024477922 
52635 0.0015240865 0.0031771422 0.000520802 0.0032559966 0.00037827936 8.3913124e-05 8.206186e-06 0.0 0.0 6.952172e-05 2.9739334e-05 0.00028796366 
52649 0.0014302825 0.003447371 0.0004959554 0.0035045566 0.0004146684 2.0735775e-05 1.315963e-06 0.0 0.0 1.0973755e-05 5.4685726e-05 0.00051435444 
52700 0.00089394 0.0021049138 0.00037808798 0.0022707484 0.000277755 1.3264349e-05 7.894573e-06 0.0 0.0 6.29445e-05 3.2736683e-05 0.00022435287 
52709 0.0010673217 0.002608806 0.00043248435 0.0030750362 0.0003161492 4.5328594e-05 1.7784385e-05 0.0 0.0 0.00017421319 9.977004e-05 0.0002978263 
52714 0.0010364526 0.0024123958 0.00043228074 0.0034397303 0.00031761418 7.619223e-05 2.805046e-05 0.0 0.0 0.0002832657 0.00025605233 0.00046390443 
52724 0.00078399904 0.002353752 0.0003881502 0.0026935819 0.0003964353 2.1392048e-05 7.3716733e-06 0.0 0.0 0.00014265686 5.799015e-05 0.00032843606 
52727 0.0009036721 0.0023933179 0.00045446958 0.0027855963 0.0004285653 4.5390457e-06 5.385306e-06 0.0 0.0 9.866722e-05 1.3759391e-05 0.00030644107 
52800 0.0048235613 0.003198541 0.001709283 0.002372003 0.0017307334 2.8972512e-05 0.00013579524 0.0 0.0 1.5838628e-05 0.00014900316 0.0010088641 
52815 0.0038407177 0.002559327 0.0009505279 0.002120384 0.0014021172 8.750358e-05 0.00010410265 0.0 0.0 6.726986e-06 0.00015684687 0.0009563213 
62900 0.00081190746 0.0026919006 0.00038734503 0.003539401 0.0009469913 1.04465535e-05 0.0 0.0 0.0 0.00020426989 0.0003825069 0.0009097173 
62907 0.0010950377 0.0039645485 0.00046525424 0.0050176457 0.0014726296 2.057542e-05 0.0 0.0 0.0 0.00028018744 0.0005573271 0.0009282233 
62930 0.0009155422 0.0028886502 0.00040246657 0.0041754046 0.0009230042 2.3952725e-05 0.0 0.0 0.0 0.00029158944 0.0003117552 0.00082031125 
62944 0.0009156259 0.0029910917 0.00042868775 0.004043593 0.001150425 1.8112289e-05 0.0 0.0 0.0 0.00019179209 0.00057931244 0.0011017887 
63000 0.0010977043 0.0046002115 0.0006010157 0.0058452142 0.0017242654 6.0597984e-05 0.0 0.0 0.00012409742 0.00079940195 0.0006672029 0.0016340264 
63023 0.0011444807 0.004780931 0.0005529582 0.0057907146 0.0016348796 4.175899e-05 0.0 0.0 8.036019e-05 0.0007313103 0.00061124074 0.0013749027 
63038 0.001088263 0.0051022917 0.00059180346 0.0057827006 0.0014338025 8.8838315e-05 0.0 0.0 0.00026853287 0.0010060973 0.0003906589 0.001455495 
63044 0.001101547 0.005336026 0.00053114956 0.005625863 0.0017042734 3.163898e-05 0.0 0.0 0.0 0.0004951851 0.0009889674 0.0013329937 
63100 0.00084250106 0.0031360262 0.00041214863 0.0033123128 0.0012996566 2.386687e-05 0.0 0.0 0.0 0.0002588709 0.001003068 0.0011520677 
63123 0.0008382203 0.0033842328 0.0004561758 0.004030216 0.0013913083 2.6380916e-05 0.0 0.0 0.0 0.0003001992 0.00089461583 0.0011590897 
63144 0.0007044966 0.0030589588 0.000381433 0.003135687 0.0013780382 2.3213906e-05 0.0 0.0 0.0 0.00023152195 0.0008736394 0.00091173145 
63200 0.0009163444 0.0024596434 0.0003389471 0.0026194113 0.0007928669 6.4907417e-06 0.0 0.0 0.0 0.00012480745 0.0005864123 0.001063484 
63244 0.00093387975 0.0025657068 0.00035730578 0.002646664 0.000773041 1.5398264e-05 0.0 0.0 0.0 0.0001693914 0.0008290476 0.0010006917 
63349 0.002751563 0.0038331647 0.00057244377 0.003698164 0.00045574558 2.1851034e-05 3.0250085e-06 0.0 0.0 9.62016e-06 7.7581375e-05 0.0007812386 
73300 0.003908748 0.004832958 0.0008740949 0.0034464437 0.0006934978 7.14637e-05 2.9947347e-05 0.0 0.0 1.0244185e-05 0.00017878095 0.0014061817 
73312 0.002247385 0.0037427496 0.0005780474 0.0033011865 0.00052941305 3.759323e-05 9.803319e-06 0.0 0.0 2.8471989e-06 0.00013794877 0.0011852664 
73333 0.0024303554 0.004210945 0.0007168323 0.0036435386 0.0005364256 4.3948323e-05 8.341145e-06 0.0 0.0 7.1179325e-06 6.798494e-05 0.00076524285 
73400 0.00091739773 0.0019489726 0.00028376092 0.002717756 0.0003972444 5.6796267e-05 3.055407e-08 0.0 0.0 7.285423e-05 0.00034289536 0.0009436578 
73443 0.00094519445 0.0025506052 0.0004113367 0.0037007201 0.0006636482 6.438136e-05 0.0 0.0 0.0 0.00013306369 0.00042255965 0.0010852467 
73444 0.0010501682 0.0028704584 0.00045158397 0.0043403786 0.0008918143 3.258661e-05 0.0 0.0 0.0 0.00017648895 0.00047684702 0.0011660734 
73447 0.00091408787 0.0023077475 0.00041375493 0.0036605624 0.0004929359 6.591233e-05 0.0 0.0 0.0 6.842226e-05 0.00039354287 0.0010469181 
73500 0.0011514826 0.0020022825 0.00031113403 0.0025129274 0.00032194157 5.1382765e-05 1.1607207e-06 0.0 0.0 3.3213128e-05 0.0003356124 0.00079229585 
73512 0.00086048216 0.0015343173 0.00022999306 0.0021722429 0.00030676194 4.811854e-05 9.956934e-07 0.0 0.0 2.6793507e-05 0.00030311165 0.0007413824 
73533 0.0009836007 0.002153897 0.0004109015 0.003066423 0.00034563383 4.61952e-05 1.8445312e-06 0.0 0.0 3.295798e-05 0.00023486764 0.0006657845 
73549 0.00092495856 0.0027956609 0.00041738516 0.0035201705 0.00038600384 6.434354e-05 4.0905093e-06 0.0 0.0 7.041477e-05 0.00025526658 0.00076471193 
83600 0.0008636194 0.0044499864 0.00077017775 0.0036730787 0.0010266475 8.229537e-05 0.0 0.0 8.1559256e-07 0.00066578574 6.8104426e-05 0.00047562172 
83700 0.0009449816 0.0046943263 0.00086798053 0.0034284533 0.00074073457 4.5961915e-05 3.053553e-05 0.0 4.3999353e-05 0.0006996728 0.00018950013 0.00013046058 
83703 0.0008780965 0.004333849 0.0008555307 0.0035801579 0.00076226157 3.6358026e-05 1.9909674e-05 0.0 5.018161e-05 0.00060884724 0.0001289939 0.00013676487 
83706 0.00090615463 0.004106378 0.0006549944 0.0040425733 0.000672045 1.0251719e-05 1.5910129e-07 0.0 2.734432e-07 0.00072426634 7.8985366e-05 0.00020653225 
83716 0.00092804385 0.0052952557 0.0007258254 0.0038126463 0.0007244301 6.3171483e-06 2.6848197e-06 0.0 2.0008986e-06 0.0008307086 0.000170901 0.00023135569 
83734 0.00097537437 0.0052500567 0.0008112 0.0037121065 0.00078832253 1.8184206e-05 9.18384e-06 0.0 6.7207106e-06 0.00065657333 0.00014016726 0.00016001673 
83800 0.0011573104 0.0029909676 0.00050907495 0.004058854 0.00050405686 6.216558e-05 3.3106116e-05 0.0 4.35553e-05 0.00048125492 0.00028895575 0.00016449584 
83811 0.000793665 0.0024760696 0.00046877147 0.0040441253 0.00051244895 5.57045e-05 2.9603561e-05 0.0 6.682531e-05 0.00050660426 0.00027642038 0.00010950691 
83826 0.0007915134 0.0024910595 0.0004865886 0.0042321957 0.00040960795 7.924537e-05 3.8023114e-05 0.0 3.134213e-05 0.0003959661 0.00034497125 0.00014580583 
83828 0.00088561006 0.0034536056 0.00064641587 0.004516369 0.00055008696 8.8507055e-05 5.9242608e-05 0.0 8.219797e-05 0.00060316146 0.00031948576 0.00020829924 
83841 0.0008076027 0.0032913215 0.000660751 0.0043334668 0.00062879984 6.643179e-05 4.1140087e-05 0.0 0.000101175014 0.0006646265 0.00029429118 0.0001274607 
83900 0.0008213283 0.0027820496 0.0004821398 0.0037221434 0.00060624845 1.8364923e-05 8.7742455e-06 0.0 2.6430882e-05 0.00072531775 0.00016139081 0.00014636354 
83902 0.00076487986 0.002986777 0.00046762626 0.0041358345 0.00075680634 1.6735813e-06 0.0 0.0 0.0 0.0008290351 0.00010874908 0.00020150059 
83903 0.0008484389 0.0037620305 0.00066469365 0.0037767084 0.0007837609 2.6095378e-05 9.587886e-06 0.0 3.5113986e-05 0.00069666636 7.336412e-05 0.00016441576 
83906 0.0008689588 0.0036435253 0.0006145828 0.0037604994 0.0007062012 2.0927013e-05 7.850129e-06 0.0 2.1453718e-05 0.0007358922 8.6628126e-05 0.00015873792 
83942 0.00079051335 0.002670464 0.00045476068 0.003768539 0.0006268239 1.7655058e-05 5.592565e-06 0.0 1.05516365e-05 0.000826338 0.00012013022 0.00015003196 
83946 0.0008020054 0.0030452257 0.00039426895 0.0039670165 0.00064911664 4.306503e-06 1.726937e-06 0.0 9.516578e-06 0.0006240761 0.00016952869 0.00023612077 
84000 0.0007916612 0.0017158631 0.00023369196 0.0025081723 0.00039761086 4.1543943e-05 5.3792494e-08 0.0 0.0 0.00014795401 0.0002385207 0.0007630947 
84033 0.00082072744 0.0020579423 0.00031900668 0.0033630016 0.0005706562 3.5101046e-05 1.0810654e-07 0.0 0.0 0.00018785441 0.00021129643 0.0007062136 
84046 0.0009228855 0.0038682823 0.00042112448 0.0043687895 0.0007742061 2.7318753e-08 1.696098e-06 0.0 1.4669847e-07 0.0011229966 0.00022283668 0.0005125294 
84049 0.0008632568 0.0033907436 0.00044019136 0.004321334 0.00075507653 2.9154435e-05 1.0829e-06 0.0 4.2395886e-08 0.00040111993 0.00023694875 0.0007095072 
84100 0.0010545065 0.0052680713 0.00059780007 0.0057137487 0.0014300088 6.835797e-05 0.0 0.0 0.00014371771 0.0009632961 0.00026462486 0.0011131759 
84123 0.0011223091 0.005416255 0.0005905886 0.0058471127 0.0015415828 8.9852365e-05 0.0 0.0 0.00023467345 0.00090318196 0.00033191597 0.0012803217 
84133 0.0010393553 0.005130506 0.0006265891 0.0054350006 0.001417595 4.819121e-05 0.0 0.0 3.310047e-05 0.0010753967 0.00023324005 0.0010043103 
84137 0.0011577527 0.0050016087 0.0006266521 0.0055022473 0.0014621081 2.1552314e-05 0.0 0.0 0.0 0.0009236886 0.00023191146 0.0007326957 
84146 0.00079718704 0.005084203 0.00056717126 0.004469425 0.0012486815 3.391846e-05 0.0 0.0 6.5548666e-06 0.0013102043 0.00015400897 0.0010534439 
84200 0.0008873299 0.00389595 0.0005366436 0.0035917808 0.0006593606 8.7718814e-07 0.0 0.0 1.4856778e-06 0.000780532 7.369402e-05 0.00030291913 
84202 0.0008394114 0.0037458497 0.00048712472 0.0040086783 0.00074981566 7.784765e-07 0.0 0.0 0.0 0.00091942365 8.4890606e-05 0.0003291177 
84205 0.0009540092 0.0048963767 0.0005712221 0.0037112234 0.00068783015 3.4005927e-07 0.0 0.0 7.1245263e-06 0.00072525477 9.165097e-05 0.0003784371 
84206 0.0008733419 0.003700696 0.00054334383 0.0035974463 0.00065098144 5.158357e-07 0.0 0.0 0.0 0.00071395346 5.969514e-05 0.00027455905 
84216 0.000991604 0.005156837 0.0006332921 0.003701063 0.0006608392 1.2474537e-07 0.0 0.0 0.0 0.00073200697 9.137623e-05 0.00021543611 
84239 0.000935573 0.004301312 0.0006528708 0.0035671433 0.00059151807 0.0 0.0 0.0 0.0 0.00076777686 7.836208e-05 0.0002775126 
84246 0.0008618775 0.0049642078 0.000515727 0.0039240834 0.00091765844 2.8236543e-06 0.0 0.0 4.892508e-07 0.0011366288 7.971862e-05 0.00059734896 
84300 0.00085584493 0.0035471118 0.00040779175 0.004203246 0.0007478452 1.6611627e-07 1.2812793e-06 0.0 0.0 0.0008356444 0.00016868622 0.00029143048 
84302 0.0008960578 0.004395878 0.0004937178 0.004336961 0.00078866805 3.2269265e-06 0.0 0.0 0.0 0.0007684114 9.606604e-05 0.00032937672 
84346 0.0010047208 0.0047034887 0.00046685783 0.0045174235 0.00086019107 5.1301704e-06 3.2864287e-07 0.0 0.0 0.0013125748 0.00018152669 0.0006404183 
84349 0.0011694662 0.005262988 0.00050184235 0.0049321586 0.0009875122 7.880032e-06 0.0 0.0 0.0 0.0014540714 0.0003020562 0.0008907509 
84400 0.001057817 0.004106841 0.00048506074 0.0050054784 0.0013000581 1.599195e-05 0.0 0.0 1.3889232e-05 0.00058391545 0.00039994624 0.0008450984 
84407 0.0010153076 0.0039196615 0.0004658736 0.0053507606 0.001502937 1.9911025e-05 0.0 0.0 0.0 0.00026478292 0.00061496254 0.00090327236 
84423 0.0011982208 0.0052158344 0.00053754105 0.005816862 0.0014950073 2.9776038e-05 0.0 0.0 6.022183e-05 0.00077777 0.0004098111 0.0010403565 
84430 0.0010275092 0.003828332 0.00046867025 0.0047868784 0.0012027868 4.2569236e-06 0.0 0.0 0.0 0.0005913562 0.00036639822 0.000815439 
84433 0.0009866504 0.0035509206 0.0004586902 0.0045955474 0.0011067077 4.8685392e-06 0.0 0.0 0.0 0.0004627348 0.0002899264 0.00076699693 
84437 0.0011554267 0.0048320307 0.0005638985 0.0057854634 0.0014230357 3.0037876e-05 0.0 0.0 4.376232e-07 0.0006969243 0.00033189674 0.00083234266 
84444 0.0010980176 0.004081128 0.00045954424 0.0050194412 0.001458302 2.9437659e-05 0.0 0.0 0.0 0.000392686 0.00077590457 0.0010688544 
84449 0.0011684728 0.004953368 0.00055573246 0.00547063 0.0012708242 8.654234e-06 0.0 0.0 0.0 0.0011833919 0.00033799405 0.0009022701 
84500 0.0010444054 0.004064859 0.0005407281 0.002951039 0.0005689326 2.0043308e-05 0.0 0.0 1.745807e-05 0.0006798522 7.903722e-05 0.00026204533 
84505 0.0009743009 0.005026175 0.00059854786 0.0036447465 0.0006968256 1.2204075e-06 0.0 0.0 1.4934277e-05 0.0006455137 8.876174e-05 0.00031000446 
84513 0.0009763881 0.005245745 0.000609143 0.003595549 0.0007250533 2.2606311e-05 0.0 0.0 2.4452691e-05 0.000866721 9.3091236e-05 0.0003960464 
84516 0.0009259443 0.004854076 0.00067152904 0.0037087335 0.00065721705 1.1489354e-08 0.0 0.0 0.0 0.00112355 0.0001720369 0.00032744842 
84539 0.0009899372 0.0046643075 0.0006464746 0.0035142603 0.0006470448 1.3611696e-05 0.0 0.0 1.34952115e-05 0.0006985219 8.2905346e-05 0.0002577238 
84600 0.0009244838 0.0046864557 0.00068854535 0.003523211 0.00090405275 4.9878985e-05 0.0 0.0 1.808624e-05 0.0006703536 6.844472e-05 0.00040046926 
84605 0.0009476914 0.00523662 0.00065497454 0.0037679656 0.00094929506 1.2071083e-05 0.0 0.0 2.7948565e-06 0.0008183809 8.052685e-05 0.00045995766 
84613 0.0010283365 0.0054936903 0.0007186055 0.003676606 0.0009057351 5.023561e-05 0.0 0.0 2.8818733e-05 0.0007657268 5.7970294e-05 0.0004010544 
84646 0.00075075845 0.0048436383 0.000627393 0.0035349594 0.001102193 3.483284e-05 0.0 0.0 2.4371548e-07 0.0010752357 0.00011286498 0.0008362609 
