10100 10.960096 8.741561 8.321925 6.837878 6.6376886 6.6660614 6.7053022 6.8313084 6.8763123 6.5938444 6.5358477 6.5104733 
10200 11.253751 9.640819 9.423143 7.904193 7.812599 7.8540235 7.918692 8.033903 8.130666 8.044964 7.9659224 8.015369 
10214 7.843911 6.3740807 6.157554 4.6133265 4.4837427 4.4838715 4.520995 4.5758343 4.621005 4.545072 4.4549985 4.322264 
10226 11.762392 10.125078 9.84288 8.088861 7.906737 7.8642335 7.853183 7.873696 7.8859186 7.7365465 7.579853 7.5126624 
10240 0.7583735 0.34346154 0.30969122 0.13542418 0.13160813 0.15649259 0.21471857 0.299386 0.3614327 0.31442863 0.29400247 0.3460779 
10300 19.0558 17.240082 16.91485 15.131052 14.730319 14.637448 14.587043 14.653929 14.7145405 14.584437 14.56093 14.549053 
10400 19.465143 17.834154 17.63641 15.925278 15.70867 15.721231 15.780325 15.869567 15.948273 15.868033 15.879874 15.833785 
10410 2.6076558 2.2425435 2.2455952 1.9190573 1.9348348 2.0512695 2.0653687 2.0958557 2.1345215 2.1214294 2.1344097 2.1355793 
10426 22.401707 20.118189 19.668217 17.212385 16.757902 16.692972 16.647774 16.61545 16.584812 16.391441 16.310005 16.061686 
10500 19.10252 17.071194 16.787354 14.918976 14.448294 14.307179 14.272682 14.45038 14.570835 14.354276 14.323661 14.425262 
10600 14.1442795 12.668135 12.466694 10.86351 10.703737 10.723665 10.76928 10.893657 11.003487 10.949007 10.910573 10.928579 
10609 0.78593445 0.517395 0.8052063 0.37451172 0.618927 0.9988098 0.96069336 1.0814819 1.1663513 1.144455 1.1507416 1.1838684 
10614 21.610863 19.078491 18.639927 15.578073 15.271267 15.16736 15.109581 15.090987 15.072952 14.840231 14.616202 14.226773 
10626 19.428404 17.470955 17.095436 14.837771 14.532854 14.444415 14.386473 14.41019 14.429313 14.231877 14.040292 13.870826 
10650 35.88602 32.94237 31.86375 27.861286 26.949873 26.530592 26.290497 26.250507 26.27054 26.011116 25.749136 25.412388 
20700 12.137416 10.448589 10.1882105 8.766129 8.503482 8.470437 8.48399 8.628509 8.719482 8.579092 8.568174 8.635898 
20718 2.3860557 1.550269 1.3700742 0.7812165 0.6807598 0.66304886 0.6670365 0.7136027 0.74527514 0.71132165 0.7070145 0.7394984 
20729 4.166677 3.0093455 2.768638 1.9905952 1.8541529 1.8308052 1.8371301 1.90528 1.9524057 1.8775868 1.8255627 1.8582046 
20740 1.5645634 0.7014692 0.58587843 0.23135671 0.18436556 0.1864309 0.2163027 0.29094082 0.3542953 0.351216 0.3419327 0.39964047 
20800 15.153124 12.92549 12.5678 11.049155 10.829014 10.895448 11.017556 11.322704 11.4842415 11.326479 11.439655 11.521825 
30900 1.8863757 1.1121501 1.081621 0.5670132 0.46784824 0.5505141 0.7274592 0.90703195 1.0254016 0.94756466 0.7121947 0.3661157 
30923 8.239519 6.1479907 5.822156 3.8495948 3.3173437 3.2553759 3.3040771 3.382168 3.4184082 3.2391212 2.9376025 2.3640919 
31000 12.352219 9.204335 8.806896 6.9932423 6.5435605 6.539847 6.6043167 6.6770735 6.691007 6.1778803 6.120915 5.634276 
31023 2.8235168 0.69421387 0.7756653 0.021362305 0.0024922688 0.3441162 0.5475972 1.3625284 2.0870464 2.5898743 3.4119976 3.5208435 
31046 4.2134857 2.3843536 2.1418915 0.9337921 0.7693939 0.7013397 0.7964783 0.62867737 0.43629456 0.19366455 0.17408752 0.08920288 
41100 11.588518 8.52297 7.955668 6.5203037 6.2682447 6.3201504 6.4130783 6.5713415 6.63075 6.3857775 6.4220686 6.502824 
41200 15.377483 11.076503 10.387725 8.619037 8.360837 8.496729 8.662418 8.869509 8.986271 8.658202 8.64909 8.768781 
41300 14.440868 10.787226 10.328535 8.880669 8.64569 8.79212 8.954846 9.134039 9.271703 8.931039 8.908225 8.994941 
41400 11.245335 8.857896 8.4558115 7.0450945 6.797892 6.8041873 6.850497 6.934416 6.964066 6.6871824 6.681547 6.6832438 
41403 19.772278 16.352646 16.39293 14.296509 14.283615 14.505066 14.733322 15.059967 15.34758 15.196884 15.518463 15.829132 
41408 26.585667 23.015465 22.307127 19.84262 19.17237 19.019089 18.911821 18.845476 18.73355 18.052994 17.915888 17.76797 
41422 28.75351 24.122885 22.733139 19.277496 18.047094 17.614277 17.22674 17.008158 16.724653 15.751496 15.439411 15.146375 
41436 13.367521 11.349139 11.017711 9.7344265 9.466459 9.436511 9.445613 9.492249 9.489694 9.18867 9.171451 9.164637 
41441 1.1064547 0.49283782 0.5044235 0.29067108 0.30689514 0.38355377 0.54517454 0.7611706 0.9190524 0.87117124 1.0009897 1.1491627 
41500 16.072386 12.236556 11.84847 10.241645 9.995047 10.081549 10.1762495 10.268388 10.349031 9.896113 9.89744 9.855513 
41516 3.770579 1.8563843 1.7000223 1.0999451 1.0653177 1.198232 1.3981934 1.5898539 1.740387 1.5911356 1.6842041 1.7635803 
41539 29.455746 24.710793 25.217941 23.224499 23.683784 24.483166 25.61649 26.996082 28.307575 29.622925 31.094326 32.110054 
41626 5.4133453 2.8358655 2.3621135 1.3949009 1.3034756 1.3360939 1.3618617 1.3833913 1.4008975 1.3466755 1.3556925 1.2781383 
51600 9.80125 6.0695987 5.5559425 4.606724 5.1809955 6.1382194 7.058651 7.911655 8.619331 9.272803 9.868955 10.247374 
51610 2.9635885 1.7474121 1.6243057 1.3633041 1.4141086 1.544862 1.6764555 1.7999192 1.9038057 1.9688284 2.0608404 2.0910122 
51624 0.47256905 0.08727737 0.07450358 0.03070359 0.0735183 0.17320324 0.28237188 0.38721576 0.46399218 0.5019793 0.5762242 0.5912417 
51625 8.601905 4.8028526 3.9644215 2.7490275 2.6073627 2.7243812 2.8433738 2.9571393 3.0552068 3.0753083 3.1281848 3.0354555 
51627 16.504078 13.164329 12.289758 10.297991 9.902993 9.840873 9.748141 9.703714 9.670426 9.523722 9.4751 9.274438 
51700 8.816023 4.8087535 4.4816713 3.5427692 4.179791 5.5024476 6.805584 8.034107 9.053194 10.014708 10.854412 11.348711 
51719 15.324726 11.065038 10.226088 8.390477 8.390472 8.68416 8.965207 9.2388525 9.475207 9.688608 9.915232 9.949797 
51724 2.788733 1.5283937 1.3755252 1.0826988 1.2318889 1.5397903 1.8389082 2.11204 2.3359463 2.534875 2.7388859 2.835042 
51727 22.462498 19.169304 17.857101 14.99889 13.907944 13.422269 12.143715 10.956319 10.993934 10.944028 10.975563 10.82121 
51800 16.627756 15.188449 15.036576 13.173256 13.097045 13.14503 13.21244 13.279647 13.338735 13.331374 13.245165 13.045529 
51817 14.338939 13.050727 12.8795595 11.23226 11.117571 11.113344 11.12857 11.151285 11.171144 11.122388 11.022834 10.826759 
51821 0.09460629 0.008044074 0.020642448 0 0.008905747 0.021003274 0.038398296 0.045625575 0.054123823 0.04507985 0.039430507 0.03226785 
51832 0.8924014 0.48635226 0.55288553 0.22626513 0.28501004 0.3918975 0.5117471 0.6243932 0.7200892 0.78907955 0.8340227 0.8168853 
51849 28.017927 25.346416 24.769955 21.453323 21.024467 20.844141 20.702854 20.564928 20.436407 20.23182 19.903234 19.328857 
51900 3.7958426 1.365514 1.4062192 0.85970676 1.3504391 2.4006717 3.4975038 4.559154 5.4571695 6.370083 7.1413593 7.337662 
51915 3.741678 1.7793254 1.4722129 0.76836425 0.81132716 1.0349468 1.3008847 1.5582275 1.7844918 2.0116103 2.1998208 2.2289097 
51933 2.0872483 1.0092933 0.9736368 0.61991686 0.7208159 1.0209961 1.3857489 1.7611521 2.1190863 2.4677124 2.7667873 2.762422 
52000 14.036007 12.579241 12.44539 10.713689 10.704086 10.804111 10.928772 11.060409 11.172762 11.203811 11.217401 11.11313 
52004 8.529779 6.101669 5.736252 3.4081402 3.3251219 3.4265218 3.5399456 3.6531909 3.7500792 3.7510808 3.8154457 3.7709236 
52017 21.734426 20.088982 19.838959 17.577217 17.427593 17.426239 17.443996 17.470032 17.4943 17.405497 17.31322 17.083218 
52021 9.841129 8.386939 8.107881 6.5976677 6.4629107 6.4354835 6.424749 6.4168773 6.401811 6.3097343 6.2192054 6.0588436 
52035 22.7654 20.400415 19.920961 17.203085 16.92983 16.880024 16.849644 16.832062 16.82154 16.717766 16.677382 16.501722 
52100 15.007563 12.197275 12.034823 10.614137 10.882943 11.418996 11.926307 12.411312 12.827834 13.231698 13.578393 13.708692 
52101 2.1270874 1.0297562 0.88317263 0.6371399 0.7181381 0.9732483 1.257817 1.5326843 1.7674423 2.0062897 2.215814 2.277774 
52104 5.146352 2.8619971 2.5387936 1.3410583 1.357362 1.5148739 1.6829448 1.8506962 1.9948406 2.1144104 2.2523088 2.2708797 
52121 13.8834715 11.260566 10.543365 8.743564 8.388259 8.2213335 8.04884 7.8856854 7.7184477 7.5453773 7.3961506 7.149698 
52135 19.356754 16.205574 15.513591 12.325 11.924953 11.858829 11.798259 11.758256 11.726004 11.630285 11.573282 11.313268 
52145 0 0 0.017130533 0 0.067586266 0.4913737 0.84592694 1.1527303 1.4080607 1.5847168 1.7415365 1.7214762 
52200 25.257612 22.898045 22.526129 19.49455 19.128204 19.096571 19.081076 19.066422 19.047655 18.840378 18.657404 18.33152 
52221 3.120546 2.4295638 2.394659 1.7945406 1.7804068 1.8538082 1.935211 2.0085688 2.059569 2.0456023 2.0428689 2.0364988 
52249 25.960192 23.239216 22.790445 19.303764 18.847527 18.772312 18.727427 18.68392 18.633453 18.39036 18.160099 17.761244 
52300 8.512431 5.4646873 5.174847 4.3665376 4.7194285 5.5159497 6.303633 7.0590615 7.688966 8.309974 8.855172 9.125028 
52301 1.395081 0.5014993 0.43011945 0.24526116 0.34259817 0.5796493 0.8309065 1.0695201 1.2710916 1.472732 1.6497355 1.6997358 
52304 5.0344243 2.6495185 2.230669 1.4479494 1.4923029 1.75267 2.0309489 2.3009908 2.5287206 2.760063 2.9658415 3.0226333 
52309 4.7969985 2.477203 2.0640984 1.4466972 1.4651966 1.6717498 1.892058 2.0998452 2.2705617 2.443916 2.5947716 2.6223845 
52319 5.554288 2.9512773 2.5159042 1.7904587 1.975763 2.4394882 2.9045105 3.3452759 3.713492 4.076584 4.411551 4.5825014 
52400 2.2684023 0.34641156 0.4463452 0.22272676 0.7333971 1.7352118 2.7007418 3.636483 4.4212804 5.2062674 5.8755865 6.2297654 
52401 0.23853493 0.011338234 0.042710304 0.02887249 0.07173157 0.27914238 0.51042175 0.7347784 0.9215355 1.1037388 1.2583942 1.2154312 
52420 1.0452365 0 0.0048546423 0 0.0437669 0.06259859 0.56612456 1.8297307 3.9433453 7.965548 11.634324 13.191665 
52448 0.21051545 0 0.008730625 0 0.052788917 0.28853527 0.59377337 0.9183116 1.1975435 1.4774534 1.7125841 1.7978333 
52500 2.8601756 0.57282305 0.86905414 0.5100351 1.1642635 2.6604755 4.093233 5.498039 6.672993 7.858192 8.871697 9.474455 
52520 2.4600136 1.6162055 1.5038726 1.2694777 1.2658898 1.3545052 1.4568255 1.5730501 1.6810358 1.8126276 1.9701778 2.0471945 
52531 0.41317627 0 0.066032715 0.015 0.13308838 0.4982422 1.0455469 1.5800611 2.370979 3.1927369 3.1504931 2.9575415 
52545 0.78874815 0 0.0830368 0.018061828 0.1907669 0.76522064 1.3936936 2.0654144 2.657756 3.4356399 4.2090135 4.349983 
52600 13.323913 10.787564 10.507396 8.9937315 9.205166 9.614847 10.04199 10.445256 10.788917 11.128983 11.426534 11.553794 
52615 19.830194 17.817327 17.455944 15.4551115 15.1957 15.1687565 15.163287 15.156306 15.147956 15.1152935 15.079946 14.798291 
52617 6.505059 5.284926 5.1914997 4.0388575 4.051948 4.162642 4.3168178 4.471543 4.60835 4.706385 4.8157234 4.8299074 
52632 1.383865 0.6681123 0.6461627 0.23184617 0.25689203 0.34187937 0.4460845 0.54558337 0.63148785 0.7037898 0.7838019 0.7574001 
52635 10.495205 8.557333 8.285681 6.7201414 6.663099 6.7561073 6.8929343 7.031243 7.1520095 7.2394776 7.34144 7.3038464 
52649 15.385434 12.388947 11.680133 9.156958 8.816675 8.796417 8.805371 8.815595 8.808642 8.799194 8.76358 8.354788 
52700 16.173435 14.411078 14.236635 12.675942 12.616325 12.752421 12.884167 13.013132 13.125122 13.1910515 13.279828 13.202997 
52709 4.9825187 3.9609823 3.8533237 3.0102236 3.0036252 3.1040292 3.214388 3.3235962 3.4123704 3.4403427 3.4886181 3.4563057 
52714 15.347094 13.474229 13.148429 10.847768 10.643007 10.607729 10.599763 10.599512 10.593554 10.430115 10.275957 10.00801 
52724 1.0221125 0.77647364 0.8404503 0.604112 0.68919253 0.8450802 1.0021236 1.1463847 1.2637705 1.3440511 1.4381646 1.4487594 
52727 11.435046 9.940403 9.601638 8.193883 7.925582 7.8964534 7.8048215 7.730278 7.73101 7.6756635 7.6660376 7.496418 
52800 3.306112 0.39378583 0.6694477 0.24868965 0.972577 2.6424394 4.2888026 5.8663826 7.1725564 8.487331 9.58717 10.237063 
52815 0.9783746 0.15270786 0.14548992 0.03365247 0.11279192 0.3348315 0.59148747 0.86723274 1.1143947 1.3786379 1.6022202 1.7053423 
62900 4.9152365 3.7448807 3.7271996 2.7708635 2.6756778 2.8282592 3.0208201 3.2099543 3.3731852 3.4550333 3.4172468 3.1510646 
62907 0.06201172 0 0.008850098 0 0.010223389 0.055740356 0.0783844 0.3039093 0.5332489 0.7841644 0.8039551 0.75923157 
62930 0.60660505 0.17980957 0.18511425 0.057985194 0.0644262 0.124007285 0.21084954 0.29237455 0.35873413 0.35652968 0.35220158 0.27068016 
62944 3.3169854 2.3446805 2.3044565 1.5813918 1.4965746 1.6135175 1.7751076 1.9391608 2.0830572 2.155827 2.0815125 1.8751851 
63000 6.725011 5.01227 4.866309 3.5639963 3.2911592 3.3561044 3.501647 3.6528027 3.735999 3.5325198 3.399288 2.9522045 
63023 7.347942 5.59978 5.437368 3.9823177 3.6845548 3.7280455 3.8480217 3.9791663 4.065117 3.8730574 3.7450137 3.3563585 
63038 5.131479 3.24921 3.0527275 1.8647939 1.6270823 1.6366807 1.7020044 1.7690634 1.7237998 1.4405506 1.3804762 1.0894798 
63044 0.8145752 0.20666504 0.21325684 0 0.009114583 0.05513509 0.18033855 0.2695923 0.39701334 0.45939127 0.39249673 0.37148032 
63100 6.8917484 5.365141 5.3647833 4.1587324 4.0273695 4.283696 4.5757527 4.8477373 5.0822225 5.187121 4.874269 4.5180335 
63123 1.5732388 0.9035475 0.97698635 0.3594801 0.297543 0.4453125 1.18593 1.9856431 2.6138034 3.688124 3.206448 2.6471624 
63144 6.2213483 4.619895 4.6148596 3.4817374 3.4077542 3.6410217 3.8964322 4.138005 4.355277 4.4431806 4.2167053 4.048222 
63200 19.951694 17.204815 17.126842 14.4309845 14.077817 14.388847 14.719403 15.026434 15.291225 15.449465 15.142597 14.403867 
63244 24.949484 21.693216 22.32131 18.829367 18.79653 19.6769 22.239075 23.279032 23.857788 24.332092 23.861837 23.850424 
63349 2.8704882 1.6929556 1.5620728 0.860253 0.8797795 1.0639602 1.2439481 1.401724 1.5105826 1.6226947 1.6984723 1.5532978 
73300 15.399181 12.669224 12.450775 11.663182 12.044927 12.7753525 13.514254 14.210607 14.811656 15.423209 15.928901 15.94577 
73312 16.021477 15.078676 14.921311 14.460606 14.464582 14.565525 14.675776 14.7826395 14.8764305 14.973765 15.044937 14.933126 
73333 14.051873 12.379021 12.092388 11.06735 10.960825 11.05966 11.177031 11.289319 11.38824 11.483588 11.547159 11.290571 
73400 20.299673 19.160103 19.009485 17.854315 17.736042 17.773188 17.84489 17.915932 17.978785 18.013344 17.93079 17.56229 
73443 0.9363098 0.44971812 0.52481633 0.28036222 0.31708735 0.4341611 0.614314 0.815155 0.99534535 1.1626011 1.1825582 1.0093578 
73444 2.7245612 1.8721215 1.9037418 1.2599288 1.2340854 1.3660932 1.5709726 1.7887914 1.9820386 2.1412013 2.1589754 1.9670112 
73447 6.6912427 5.540229 5.3827667 4.313201 4.2231393 4.2612934 4.33853 4.4185467 4.4892435 4.5381045 4.4462085 4.0817437 
73500 21.05405 20.274061 20.207607 19.609966 19.604095 19.679543 19.773672 19.866259 19.948908 20.025095 20.015503 19.863531 
73512 20.874908 20.250051 20.140472 19.649681 19.55531 19.558254 19.58207 19.606972 19.62969 19.640444 19.579315 19.363892 
73533 20.50205 18.333767 17.928915 15.926438 15.627847 15.582864 15.582544 15.585552 15.593603 15.571609 15.408015 14.852046 
73549 18.899149 16.645271 16.124207 13.785448 13.425174 13.287516 13.1850815 13.087966 12.989974 12.85042 12.609621 12.055815 
83600 21.047533 16.621595 16.037058 13.594571 12.910719 12.853804 12.850349 12.848663 12.84923 12.135468 12.076912 11.607654 
83700 18.242388 14.303949 13.760908 11.889895 11.548473 11.589505 11.648194 11.724831 11.765984 11.34445 11.29278 11.271955 
83703 16.998508 13.659668 13.259496 11.65456 11.361869 11.401743 11.458531 11.528246 11.565208 11.245277 11.233046 11.213245 
83706 25.228378 21.21153 22.069986 19.634462 19.95439 20.706785 21.30713 22.134344 22.976593 23.481241 24.287466 24.989405 
83716 19.338684 15.057781 14.448105 12.194962 11.741091 11.6777935 11.634104 11.598481 11.573323 10.973641 10.868581 10.706735 
83734 9.802741 6.7912245 7.002966 5.888497 6.134817 6.663344 7.43147 8.287713 9.362127 10.268048 11.265168 12.1665325 
83800 11.212075 9.573451 9.412979 7.922908 7.8122697 7.8749404 7.953662 8.0406475 8.094737 7.9472237 7.9033103 7.917216 
83811 19.09782 16.55206 16.233732 13.431826 13.145272 13.141874 13.155006 13.185713 13.173301 12.849145 12.69679 12.648034 
83826 13.430191 11.559379 11.360399 9.272401 9.122337 9.167882 9.238913 9.321936 9.376144 9.243059 9.1355915 9.128878 
83828 4.832627 3.3055632 3.1379302 2.045685 1.9775914 2.0313082 2.1102111 2.2067459 2.2598455 2.128106 2.10336 2.1169393 
83841 2.0803788 1.3404018 1.279766 0.7941133 0.75690854 0.79503316 0.90060014 1.0364091 1.1272631 1.0591003 1.0977622 1.1857975 
83900 21.535643 18.64649 18.34798 15.853609 15.513024 15.545109 15.584411 15.629827 15.652767 15.124887 15.053999 14.987257 
83902 14.101349 11.253165 11.551784 8.656481 8.761104 9.294944 10.3411255 11.396894 12.124556 12.29303 13.034659 13.528608 
83903 16.586433 13.166733 12.712188 10.56817 10.112299 10.060321 10.018091 9.981573 9.942586 9.3832 9.308311 9.161452 
83906 25.532835 21.587366 20.856226 18.030369 17.34216 17.15075 16.977833 16.819548 16.716293 15.925288 15.761559 15.5037985 
83942 23.061745 20.194445 19.90317 17.36855 16.99781 17.0067 17.027197 17.051819 17.067505 16.417393 16.356127 16.258043 
83946 16.016354 12.5900345 12.205695 9.341941 8.988137 9.11178 9.237016 9.353102 9.432858 9.011935 8.988758 8.928846 
84000 26.598923 26.043415 25.98759 25.290434 25.221302 25.23588 25.262074 25.28807 25.311375 25.307362 25.28346 25.151287 
84033 18.78826 17.191204 16.973215 15.11062 14.818234 14.815006 14.843491 14.8726225 14.897657 14.803637 14.699167 14.283064 
84046 9.122298 6.1143355 5.962603 4.1360555 3.9494884 4.1781893 4.430253 4.6629734 4.8556952 4.454026 4.5295095 4.4717 
84049 24.95223 21.742151 21.253836 17.753965 17.116577 17.04489 16.99776 16.950954 16.903511 16.566053 16.35609 15.835464 
84100 6.1501837 4.058708 3.8834805 2.5588083 2.3113465 2.343152 2.4492536 2.5645268 2.6006145 2.2821782 2.2751257 1.9668396 
84123 7.7806945 5.6933517 5.4975157 4.051533 3.7552853 3.750765 3.8508773 3.967305 3.9696116 3.6614888 3.6259756 3.214091 
84133 7.3231573 5.120451 4.9015164 3.5231676 3.231889 3.2277431 3.2889931 3.3699937 3.4293852 3.0188134 2.9963548 2.6723769 
84137 9.306435 6.466217 6.40757 4.5555115 4.320854 4.56089 5.0421524 5.590271 6.1563416 6.1016846 6.539215 6.5692368 
84146 0.90209806 0.09345141 0.09693664 0.035002958 0.04144405 0.061215967 0.12412493 0.20390359 0.27339157 0.1466606 0.19029844 0.119085 
84200 21.54704 18.000578 17.660978 15.478472 15.113406 15.155009 15.197849 15.239099 15.275437 14.687236 14.675674 14.494316 
84202 31.92303 28.02444 27.346024 24.01978 23.256966 23.220028 23.192293 23.1638 23.140142 22.194098 22.108765 21.80089 
84205 7.038274 4.114097 3.8468947 2.7725163 2.6248243 2.7086792 2.797518 2.8805306 2.9452815 2.6620982 2.703088 2.6253948 
84206 26.108889 22.335966 21.859556 19.374826 18.884905 18.835627 18.785332 18.73602 18.733948 18.068243 17.987585 17.738127 
84216 29.646158 24.361275 23.14233 19.883091 18.976986 18.566933 18.16613 17.805346 17.488888 16.48572 16.127071 15.666872 
84239 19.759792 15.469323 15.805607 13.652178 13.88014 14.403466 15.115017 15.69575 16.346598 16.417948 17.07533 17.561838 
84246 8.281856 5.6664248 5.430617 4.158215 3.9238849 3.981217 4.0776405 4.1765146 4.260408 3.8823605 3.9440758 3.8122191 
84300 25.52858 21.978104 21.656668 18.560871 18.053225 18.062254 18.086218 18.114351 18.142683 17.351885 17.238953 16.997192 
84302 32.997005 28.486908 26.861198 22.727924 21.23567 20.920324 20.674328 20.467628 20.253824 19.103207 18.83914 18.378185 
84346 10.522406 6.7477407 6.4100227 4.0946794 3.788017 3.8696022 3.9633532 4.0513835 4.123906 3.623121 3.622214 3.4701612 
84349 17.068342 13.058321 12.595815 9.496038 8.88748 8.85732 8.852685 8.856047 8.857014 8.033211 7.883827 7.4553933 
84400 5.8765764 4.527257 4.433587 3.4675527 3.3073997 3.3858678 3.5271995 3.674052 3.7954538 3.6821744 3.6326907 3.44011 
84407 0.9094477 0.25876075 0.21008036 0 0.0005165874 0.016392805 0.08019489 0.15769891 0.22628386 0.22382477 0.15973078 0.102264844 
84423 7.6249657 5.2808256 5.05564 3.3271632 3.046889 3.1346474 3.3093998 3.4888437 3.6165524 3.4251282 3.402492 3.1268616 
84430 0.20800258 0 0.03275321 0 0.0055751256 0.065916225 0.1497611 0.22669503 0.29145682 0.24413191 0.24882813 0.20919538 
84433 2.5200984 1.3831024 1.3978552 0.7326533 0.6676356 0.8188324 1.0530573 1.3338369 1.5948893 1.7476705 1.9349161 1.9290619 
84437 5.7185287 4.3173037 4.1971846 3.091819 2.8975716 2.9338202 3.0230842 3.1237807 3.2178476 3.0008104 2.9710138 2.7928965 
84444 4.187738 3.0524845 3.016337 2.1938264 2.0936983 2.2190547 2.4010425 2.5804343 2.733764 2.736826 2.6067538 2.4221787 
84449 8.118414 6.2982965 6.093461 4.661116 4.3621063 4.365096 4.414266 4.4712567 4.5195465 4.156123 4.089476 3.8515954 
84500 26.503584 23.235083 23.006784 21.480503 21.275341 21.370474 21.465033 21.55341 21.621092 21.258373 21.28319 21.197584 
84505 4.758008 2.3169436 2.0799794 1.3214437 1.2178297 1.3034582 1.3920107 1.4738488 1.5349721 1.313292 1.3559077 1.3058825 
84513 25.778442 21.51795 21.013609 18.794239 18.281118 18.202427 18.1374 18.0729 17.993273 17.384819 17.266148 16.96446 
84516 7.183873 4.3072963 4.0925145 2.9404473 2.8665485 3.0236137 3.1830957 3.3333416 3.4596233 3.1790347 3.248033 3.2541268 
84539 23.374025 19.292715 18.90685 16.915651 16.571724 16.598137 16.634638 16.66843 16.690023 16.156254 16.129568 15.970381 
84600 22.828627 18.599575 18.143024 16.020409 15.501377 15.49494 15.521011 15.5463915 15.555397 14.983189 14.955113 14.643119 
84605 3.8129892 1.8899289 1.680339 1.0949736 0.98601156 1.019796 1.0822784 1.1472718 1.2002985 0.988093 1.0304345 0.95307726 
84613 29.708828 24.923449 24.324993 21.89177 21.253761 21.18841 21.156872 21.127855 21.079132 20.409771 20.348755 20.048622 
84646 3.2275164 1.474943 1.4068547 0.9484431 0.8839723 0.9589448 1.0647779 1.1752557 1.2718332 1.019156 1.0761623 0.93707377 
