s10100, 0.0, 0.0, 0.0, 20569366.0, 34064020.0, 11793124.0, 30224.873, 11953.245, 822896.56, 13332336.0, 4250854.5, 3208632.8, 118351960.0, 111460344.0, 16191490.0, 11323717.0, 1973976.4, 0.11623289
s10200, 0.0, 0.0, 0.0, 6274446.5, 23570128.0, 3737490.0, 34429.23, 7300.7754, 566783.6, 9762535.0, 1407430.1, 2161559.5, 36744548.0, 34988810.0, 10700808.0, 7701715.5, 1457927.2, 0.0
s10214, 0.0, 0.0, 0.0, 1169573.1, 568880.3, 1541556.1, 4820.323, 2816.6335, 38906.523, 282242.38, 651158.94, 87059.23, 6267188.0, 6401928.5, 407702.38, 236574.64, 102266.89, 0.0
s10226, 0.0, 0.0, 0.0, 16009307.0, 5763800.0, 9558179.0, 10057.09, 12040.763, 250447.69, 3169661.5, 4244480.5, 954464.94, 89278970.0, 84355460.0, 3803562.2, 2281244.0, 379512.8, 1665.2496
s10240, 0.0, 0.0, 0.0, 3343765.8, 4945423.0, 1977552.2, 5381.402, 0.0, 95090.79, 1799545.6, 626373.75, 545565.3, 16921746.0, 15797665.0, 2449400.8, 1712226.2, 351528.97, 0.0
s10300, 0.0, 0.0, 0.0, 27577986.0, 42196500.0, 15010853.0, 63142.52, 40392.387, 1412604.0, 16590090.0, 6511299.5, 4545544.5, 151190800.0, 140694450.0, 21242464.0, 12893967.0, 2331745.5, 0.0
s10400, 0.0, 0.0, 0.0, 12404346.0, 28228124.0, 6694588.5, 37579.582, 2784.529, 821616.6, 10958512.0, 2364365.2, 2669159.8, 73591130.0, 71528180.0, 13393838.0, 8600584.0, 3011397.2, 0.0
s10410, 0.0, 0.0, 0.0, 103681.8, 0.0, 23870.752, 0.0, 0.0, 0.0, 0.0, 0.0, 4256.004, 665592.8, 665592.8, 42687.734, 0.0, 3848.6875, 0.0
s10426, 0.0, 0.0, 0.0, 4372643.0, 1129165.0, 3705820.8, 3610.017, 32092.05, 75035.51, 556020.0, 2303690.2, 169871.19, 25256934.0, 21579334.0, 818921.44, 384753.03, 85000.21, 0.0
s10500, 0.0, 0.0, 0.0, 551532.1, 3143372.2, 279077.8, 0.0, 0.0, 44308.27, 1097321.2, 29283.72, 300713.0, 4189604.5, 3943554.0, 1363217.6, 907770.56, 245298.69, 0.0
s10600, 0.0, 0.0, 0.0, 9184929.0, 30668462.0, 4617792.0, 30743.213, 804.9849, 581050.56, 11851214.0, 1657575.1, 2923366.0, 54195132.0, 49954930.0, 14362716.0, 9429309.0, 1526089.0, 30013.99
s10609, 0.0, 0.0, 0.0, 127284.055, 138741.42, 97284.02, 0.0, 0.0, 7985.1577, 84064.18, 23087.941, 6926.884, 558214.56, 558214.56, 45761.766, 67699.69, 5512.399, 0.0
s10614, 0.0, 0.0, 0.0, 359340.3, 0.0, 938130.56, 0.0, 23422.555, 14868.332, 33588.1, 668060.1, 12897.83, 1415385.9, 588036.6, 0.0, 0.0, 0.0, 0.0
s10626, 0.0, 0.0, 0.0, 14519095.0, 4758662.5, 12717430.0, 15017.978, 47130.45, 385539.78, 2924513.5, 7606767.0, 909972.56, 66481388.0, 57075890.0, 3815159.5, 1667671.8, 300299.7, 3184.0125
s10650, 0.0, 0.0, 0.0, 2991232.5, 132109.1, 3117684.0, 3328.0393, 25224.027, 46851.043, 374389.6, 2337554.0, 52179.3, 14699221.0, 11942060.0, 545118.9, 146313.23, 54604.836, 0.0
s20700, 0.0, 0.0, 0.0, 15568223.0, 3647208.5, 4664094.0, 2507269.5, 746939.06, 111739160.0, 29097682.0, 10385468.0, 8323373.5, 94314216.0, 92736380.0, 6286234.5, 1695182.1, 2638091.5, 1644.6783
s20718, 0.0, 0.0, 0.0, 383548.5, 0.0, 115193.69, 98145.61, 26786.996, 3962657.0, 964876.1, 415666.1, 271382.78, 3260809.0, 2880525.0, 149311.52, 15173.063, 79173.38, 0.0
s20729, 0.0, 0.0, 0.0, 679353.0, 365798.2, 113826.85, 250001.98, 12391.117, 8044312.5, 2274764.2, 369549.56, 689010.94, 4033780.8, 3970359.8, 511619.3, 204949.42, 262386.72, 0.0
s20740, 0.0, 0.0, 0.0, 527934.3, 228992.14, 252989.83, 37633.55, 30786.453, 1775370.0, 510326.47, 442633.66, 141101.12, 2446428.2, 2439380.8, 164916.27, 70439.13, 52027.137, 0.0
s20800, 0.0, 0.0, 0.0, 740508.9, 160760.05, 107796.33, 200390.25, 13087.597, 11097469.0, 2865861.2, 399249.88, 848090.2, 4720678.0, 4750324.5, 486127.5, 67634.33, 247882.81, 0.0
s30900, 0.0, 0.0, 0.0, 10257562.0, 224295.12, 5124474.0, 1174.0402, 0.0, 5142.0527, 0.0, 10659119.0, 3945005.8, 47735784.0, 47898450.0, 1007567.94, 713929.4, 871542.94, 238270.83
s30923, 0.0, 0.0, 0.0, 535558.4, 0.0, 137654.95, 0.0, 0.0, 0.0, 0.0, 581855.0, 437171.3, 2038117.1, 2118150.8, 601107.8, 595794.06, 167986.23, 0.0
s31000, 0.0, 0.0, 0.0, 17476260.0, 2264176.5, 3499843.0, 54711.86, 0.0, 159503.88, 12214.415, 15596283.0, 45886000.0, 87613130.0, 86829520.0, 12424064.0, 10605908.0, 1023544.56, 0.0
s31023, 0.0, 0.0, 0.0, 58037.176, 0.0, 0.0, 0.0, 0.0, 0.0, 0.0, 29806.31, 505929.53, 374446.2, 374446.2, 0.0, 0.0, 0.0, 0.0
s31046, 0.0, 0.0, 0.0, 0.0, 0.0, 0.0, 0.0, 0.0, 0.0, 0.0, 49002.695, 0.0, 220405.0, 435009.88, 26382.234, 0.0, 0.0, 0.0
s41100, 0.0, 0.0, 0.0, 21273902.0, 746161.44, 1635607.2, 614959.44, 552906.9, 1424345.9, 20598392.0, 41188236.0, 7561574.0, 159646670.0, 143270830.0, 8752438.0, 6875730.5, 1187898.2, 0.0
s41200, 0.0, 0.0, 0.0, 832580.2, 0.0, 11816.146, 32063.742, 0.0, 72033.445, 1070129.6, 1238434.8, 395091.12, 5850800.0, 4898160.0, 516744.5, 310813.03, 51177.758, 0.0
s41300, 0.0, 0.0, 0.0, 8258374.0, 2405.2012, 828313.0, 65853.06, 354237.06, 104497.45, 2391307.2, 15530990.0, 716433.3, 55145304.0, 44273350.0, 1047681.3, 583159.5, 266219.9, 0.0
s41400, 0.0, 0.0, 0.0, 24876708.0, 1106779.9, 2106014.5, 923744.25, 920626.7, 1909733.0, 22067144.0, 44105452.0, 8548766.0, 178168300.0, 161755950.0, 9308908.0, 8084572.5, 1115777.4, 0.0
s41403, 0.0, 0.0, 0.0, 65315.67, 0.0, 0.0, 0.0, 0.0, 8404.6, 93193.53, 114977.17, 26334.416, 648510.44, 648510.44, 37555.6, 25213.8, 0.0, 0.0
s41408, 0.0, 0.0, 0.0, 1456322.1, 0.0, 142510.52, 11863.916, 77852.484, 30216.951, 382451.84, 2610305.2, 150738.1, 10158528.0, 6230751.5, 188230.06, 133731.28, 22125.004, 0.0
s41422, 0.0, 0.0, 0.0, 1072009.4, 0.0, 77734.76, 9910.895, 32928.84, 22566.324, 418280.34, 2265570.8, 190202.14, 6985303.0, 5040648.5, 212054.7, 161029.52, 18365.78, 0.0
s41436, 0.0, 0.0, 0.0, 2006773.9, 0.0, 218152.8, 21712.518, 113788.17, 62473.1, 1225711.2, 3625163.2, 460465.53, 13581431.0, 12552532.0, 553118.94, 408504.75, 46036.105, 0.0
s41441, 0.0, 0.0, 0.0, 3099257.8, 0.0, 93110.68, 225115.7, 70332.12, 370663.16, 4320188.5, 5305475.0, 1650476.1, 22664172.0, 22275494.0, 1730162.0, 1556134.5, 185580.14, 0.0
s41500, 0.0, 0.0, 0.0, 14061625.0, 0.0, 1016444.0, 286063.22, 356066.7, 556287.94, 9172761.0, 25736652.0, 3372044.2, 100708480.0, 92475440.0, 3998372.2, 2804989.0, 838079.06, 0.0
s41516, 0.0, 0.0, 0.0, 126953.94, 0.0, 21119.78, 8860.1, 0.0, 9272.197, 116875.06, 223480.89, 49192.188, 794178.0, 794178.0, 47098.906, 47098.906, 4425.558, 0.0
s41539, 0.0, 0.0, 0.0, 339440.22, 0.0, 11237.334, 0.0, 0.0, 0.0, 34442.324, 636375.25, 13355.488, 2842206.0, 2475473.0, 31157.77, 0.0, 0.0, 0.0
s41626, 0.0, 0.0, 0.0, 769200.75, 68072.76, 1576264.2, 0.0, 41561.266, 0.0, 0.0, 1345655.0, 138483.61, 5802143.0, 2936096.2, 37650.06, 26088.797, 4000.7134, 0.0
s51600, 0.0, 0.0, 0.0, 7101271.5, 9554503.0, 7905853.0, 34244.797, 86752.59, 58029.46, 875475.44, 5500715.5, 7201564.0, 44351444.0, 38137252.0, 2498047.2, 1127037.9, 797654.5, 5214.8525
s51610, 0.0, 0.0, 0.0, 2300634.2, 917892.25, 4029658.2, 3094.7053, 53166.223, 0.0, 15356.118, 2885834.8, 799311.44, 15949115.0, 11299482.0, 159273.11, 40803.21, 8948.758, 0.0
s51624, 0.0, 0.0, 0.0, 132805.48, 81464.63, 372784.97, 0.0, 11086.737, 0.0, 0.0, 230640.19, 91050.26, 1783177.1, 1241356.8, 0.0, 0.0, 0.0, 0.0
s51625, 0.0, 0.0, 0.0, 137523.61, 0.0, 0.0, 0.0, 20175.666, 0.0, 0.0, 559495.1, 0.0, 376951.3, 363240.06, 13295.594, 0.0, 1957.6494, 0.0
s51627, 0.0, 0.0, 0.0, 1189397.1, 88181.52, 2994665.2, 0.0, 119463.484, 0.0, 0.0, 3378770.0, 52873.7, 7426537.0, 4704232.5, 43344.895, 0.0, 62298.61, 0.0
s51700, 0.0, 0.0, 0.0, 2582749.8, 4270163.5, 2138345.2, 23127.64, 28384.262, 180.35841, 10611.198, 1476299.0, 3276647.0, 21413234.0, 21667084.0, 808118.9, 108859.695, 276569.3, 90341.38
s51719, 0.0, 0.0, 0.0, 368535.03, 2446660.5, 307416.72, 10500.354, 0.0, 0.0, 5308.481, 130968.484, 1331537.4, 3095828.0, 2986002.2, 367250.22, 117822.69, 53979.508, 0.0
s51724, 0.0, 0.0, 0.0, 1950682.1, 997025.8, 3875211.5, 2864.045, 78893.83, 97.78328, 2812.197, 3291944.5, 881432.1, 11425715.0, 10183288.0, 223735.5, 0.0, 83404.07, 0.0
s51727, 0.0, 0.0, 0.0, 74629.15, 0.0, 39927.92, 0.0, 0.0, 0.0, 0.0, 29516.756, 32826.633, 521395.78, 452797.44, 10317.917, 0.0, 0.0, 0.0
s51800, 0.0, 0.0, 0.0, 8249662.0, 12361409.0, 8539395.0, 21917.344, 27805.758, 0.0, 14875.069, 5659428.0, 9329579.0, 65969240.0, 65052396.0, 1718182.2, 299650.0, 668561.2, 16056.185
s51817, 0.0, 0.0, 0.0, 3053832.8, 6225181.0, 2728174.0, 30381.88, 3456.2935, 0.0, 3775.0083, 1854039.2, 4391454.0, 25699090.0, 25058328.0, 908529.75, 153763.64, 290921.0, 0.0
s51821, 0.0, 0.0, 0.0, 702450.6, 248844.12, 650705.5, 0.0, 0.0, 0.0, 0.0, 564485.94, 257732.45, 5305571.5, 4561411.0, 84380.37, 0.0, 5280.729, 0.0
s51832, 0.0, 0.0, 0.0, 1100653.0, 1730997.8, 1024256.4, 9178.921, 2304.9746, 0.0, 1506.4026, 598496.25, 1389374.2, 9358410.0, 9310169.0, 256664.67, 71095.984, 62866.27, 0.0
s51849, 0.0, 0.0, 0.0, 502780.4, 57002.01, 1879294.1, 3826.162, 142152.39, 78.084946, 1405.5289, 3654100.8, 79030.61, 599951.56, 717203.2, 13508.695, 13508.695, 54702.55, 0.0
s51900, 0.0, 0.0, 0.0, 3453136.2, 7774172.5, 2687911.5, 41484.63, 39866.57, 31.32835, 13111.473, 2161477.8, 6322511.5, 26868434.0, 24783970.0, 1564620.6, 279017.62, 298254.88, 0.0
s51915, 0.0, 0.0, 0.0, 2101366.5, 2077563.5, 1483249.2, 20126.857, 21113.32, 207.40767, 8421.488, 1355458.8, 2335781.0, 12414756.0, 10994576.0, 843464.7, 132913.84, 110574.375, 0.0
s51933, 0.0, 0.0, 0.0, 611844.9, 963824.94, 719684.56, 17360.848, 1397.9274, 354.303, 9570.269, 367723.3, 661955.56, 3793007.5, 4220588.0, 267190.6, 87822.44, 15188.062, 0.0
s52000, 0.0, 0.0, 0.0, 2463883.5, 6356688.0, 2467841.8, 13341.457, 13400.367, 89.92318, 5957.8135, 1298825.4, 4491139.5, 22243742.0, 20674186.0, 764736.1, 270120.53, 317554.6, 297.8384
s52004, 0.0, 0.0, 0.0, 828744.7, 62847.67, 930335.7, 5588.8433, 49579.434, 0.0, 0.0, 1934646.5, 228770.02, 4663046.5, 4773120.0, 68015.56, 8609.412, 47364.586, 0.0
s52017, 0.0, 0.0, 0.0, 1258378.6, 1373066.6, 1510792.8, 0.0, 12888.754, 12.371299, 864.19727, 921647.06, 881405.3, 10378148.0, 8312223.0, 162558.06, 28700.52, 60219.453, 0.0
s52021, 0.0, 0.0, 0.0, 5833645.0, 4555549.5, 8480934.0, 28397.88, 158878.3, 0.0, 8986.016, 8108476.0, 4313385.5, 38400812.0, 33972740.0, 1059178.5, 150632.67, 308477.28, 0.0
s52035, 0.0, 0.0, 0.0, 785040.75, 619500.06, 1424897.2, 168.73709, 22554.525, 0.0, 2868.1736, 1005289.4, 680239.94, 4674195.0, 4508994.5, 133776.31, 1937.9464, 26511.666, 0.0
s52100, 0.0, 0.0, 0.0, 7490620.5, 25413590.0, 7221936.0, 600495.4, 179513.22, 10149.58, 213313.84, 5322205.0, 18129486.0, 50862852.0, 52631144.0, 5291339.5, 2881540.0, 860340.56, 77304.75
s52101, 0.0, 0.0, 0.0, 591328.75, 561694.6, 670694.6, 0.0, 15607.127, 0.0, 0.0, 556313.8, 366554.34, 2145339.5, 1217040.4, 165844.72, 22553.14, 13617.6045, 0.0
s52104, 0.0, 0.0, 0.0, 832314.1, 395251.4, 838133.1, 7169.294, 45961.22, 146.31213, 3689.6577, 1900387.1, 923122.44, 7957828.0, 8398009.0, 168310.14, 18775.021, 108190.055, 0.0
s52121, 0.0, 0.0, 0.0, 1247646.0, 851980.5, 1486266.6, 44025.574, 77983.95, 866.8618, 16419.123, 2268838.2, 718317.2, 5340488.5, 3702702.2, 134085.1, 152288.48, 27457.445, 4415.2876
s52135, 0.0, 0.0, 0.0, 423634.22, 705169.25, 674682.9, 9811.338, 20406.408, 0.0, 2720.059, 523958.25, 816030.56, 3889623.5, 4522929.5, 148119.44, 8497.24, 11870.5205, 0.0
s52145, 0.0, 0.0, 0.0, 9325.682, 0.0, 0.0, 0.0, 0.0, 0.0, 0.0, 0.0, 162918.31, 82619.94, 399329.72, 0.0, 0.0, 0.0, 0.0
s52200, 0.0, 0.0, 0.0, 2803225.2, 3630018.8, 4955590.0, 10740.7705, 75353.47, 0.0, 1360.1636, 4325923.0, 2820472.5, 27165940.0, 23971124.0, 610742.06, 158069.17, 189257.52, 7453.074
s52221, 0.0, 0.0, 0.0, 6936339.0, 5247259.0, 6456160.0, 25274.986, 94396.6, 0.0, 9475.23, 6509695.0, 5733926.0, 57046012.0, 52985184.0, 1255948.1, 213650.19, 358722.6, 0.0
s52249, 0.0, 0.0, 0.0, 2056347.9, 425663.56, 4728769.5, 0.0, 121191.11, 105.34373, 1896.1871, 4310886.5, 302371.56, 15814233.0, 13502812.0, 192422.23, 35569.58, 49664.797, 0.0
s52300, 0.0, 0.0, 0.0, 6155901.5, 26161096.0, 5701900.0, 74862.64, 25629.094, 145.0441, 20523.322, 3134641.8, 17743812.0, 47445268.0, 49202150.0, 3997302.5, 1052028.9, 874171.3, 14041.442
s52301, 0.0, 0.0, 0.0, 1890134.6, 1087965.4, 1408253.5, 13951.51, 13557.275, 0.0, 3770.0781, 1246372.0, 1196866.5, 7067218.5, 5774633.5, 273363.47, 51212.758, 71689.695, 0.0
s52304, 0.0, 0.0, 0.0, 1446180.9, 2127504.5, 1215482.5, 28571.44, 27587.293, 0.0, 5773.151, 873717.7, 1979992.6, 8836869.0, 7730537.0, 432047.75, 133485.12, 20318.379, 0.0
s52309, 0.0, 0.0, 0.0, 2337153.0, 563771.6, 3399402.0, 0.0, 74705.29, 0.0, 0.0, 3595986.0, 903198.56, 16620864.0, 12779716.0, 118078.516, 0.0, 100101.71, 0.0
s52319, 0.0, 0.0, 0.0, 397749.47, 598167.94, 186878.14, 11289.914, 0.0, 0.0, 2170.4478, 192829.84, 858518.3, 3157903.8, 2203726.0, 248236.02, 55221.062, 8658.867, 0.0
s52400, 0.0, 0.0, 0.0, 4439495.5, 25959678.0, 3390482.5, 105819.99, 12802.617, 584.37506, 38878.004, 2134154.2, 17860870.0, 40995770.0, 43928300.0, 3876378.0, 1244179.8, 1188629.5, 36181.438
s52401, 0.0, 0.0, 0.0, 956115.06, 1260191.5, 721783.75, 8175.1514, 0.0, 64.39101, 1159.0382, 631386.1, 915022.56, 3099504.8, 2968867.2, 265062.56, 69851.04, 122946.1, 0.0
s52420, 0.0, 0.0, 0.0, 78486.695, 543639.44, 105779.35, 0.0, 0.0, 0.0, 0.0, 0.0, 268786.28, 536346.4, 206289.48, 119493.984, 0.0, 47401.883, 0.0
s52448, 0.0, 0.0, 0.0, 531832.1, 1531394.4, 347311.22, 0.0, 6314.7563, 0.0, 0.0, 278651.44, 1314818.4, 3249998.0, 2837696.5, 361289.22, 55163.64, 110956.33, 0.0
s52500, 0.0, 0.0, 0.0, 3467422.8, 15039198.0, 2652884.5, 146233.31, 29592.766, 1386.96, 53952.26, 2214045.5, 11655323.0, 34009896.0, 32076776.0, 3223450.8, 890420.75, 653463.75, 49343.844
s52520, 0.0, 0.0, 0.0, 476753.97, 1838371.9, 282035.53, 0.0, 4578.035, 0.0, 1133.8213, 280251.25, 1871191.5, 4629245.0, 4360921.5, 607732.25, 74298.03, 70354.04, 0.0
s52531, 0.0, 0.0, 0.0, 148754.48, 0.0, 51458.254, 0.0, 0.0, 0.0, 0.0, 157643.83, 0.0, 419720.5, 529809.25, 64283.26, 0.0, 104662.914, 0.0
s52545, 0.0, 0.0, 0.0, 309661.3, 222018.17, 449570.38, 2719.299, 0.0, 0.0, 998.92615, 329062.1, 171953.98, 2925886.8, 2953407.2, 100522.8, 34488.895, 13851.061, 0.0
s52600, 0.0, 0.0, 0.0, 6225618.0, 16491880.0, 6837087.5, 48699.81, 26202.857, 88.927826, 10917.37, 4171082.5, 10665951.0, 50741384.0, 48288668.0, 2463491.8, 398739.62, 605128.44, 0.0
s52615, 0.0, 0.0, 0.0, 2449515.0, 805112.4, 3847942.0, 0.0, 18685.037, 0.0, 0.0, 2210501.0, 952117.25, 20580602.0, 15216702.0, 230118.69, 33189.87, 62185.016, 0.0
s52617, 0.0, 0.0, 0.0, 223489.14, 2292136.0, 193329.28, 12649.491, 0.0, 0.0, 3035.5288, 47591.457, 1827366.5, 1494649.8, 1412007.0, 294640.47, 83546.59, 82231.805, 0.0
s52632, 0.0, 0.0, 0.0, 1082913.1, 534178.06, 1280461.4, 6309.715, 0.0, 0.0, 0.0, 523937.47, 540728.25, 8165219.0, 5898277.5, 99679.17, 0.0, 13332.036, 0.0
s52635, 0.0, 0.0, 0.0, 3383038.0, 11727529.0, 3681035.0, 19402.615, 27137.598, 52.594067, 8220.061, 2857110.0, 8204653.0, 28859428.0, 25415542.0, 1460279.2, 282551.75, 609401.2, 0.0
s52649, 0.0, 0.0, 0.0, 107563.45, 94736.28, 356276.97, 0.0, 7128.9004, 0.0, 0.0, 419565.0, 0.0, 75859.35, 219350.47, 22451.201, 0.0, 0.0, 0.0
s52700, 0.0, 0.0, 0.0, 4749240.0, 12693106.0, 4043932.5, 54727.402, 11996.0, 79.570786, 12990.104, 2315457.0, 9157846.0, 39477804.0, 38578572.0, 1803661.8, 375488.78, 377074.8, 0.0
s52709, 0.0, 0.0, 0.0, 8098995.5, 17211610.0, 7768670.5, 75736.05, 36505.82, 6012.578, 29588.08, 5352478.5, 12163600.0, 69781200.0, 63464468.0, 2842907.0, 314741.53, 723592.9, 0.0
s52714, 0.0, 0.0, 0.0, 750254.2, 110827.055, 1471994.1, 0.0, 6572.003, 0.0, 0.0, 975911.1, 312071.3, 3698180.5, 2012414.5, 99397.0, 0.0, 12046.178, 0.0
s52724, 0.0, 0.0, 0.0, 3838394.5, 1906462.5, 3882716.5, 18487.549, 17121.83, 31.356438, 3171.4634, 2482483.8, 2202072.0, 32203486.0, 27845788.0, 338593.72, 51834.86, 108024.66, 0.0
s52727, 0.0, 0.0, 0.0, 3036610.0, 345813.5, 3792633.0, 8758.985, 27418.553, 0.0, 559.59784, 3222361.0, 438745.1, 24025974.0, 18522744.0, 186136.83, 33113.664, 76144.0, 0.0
s52800, 0.0, 0.0, 0.0, 1347597.8, 2033799.6, 759461.8, 17545.746, 18915.803, 23.335287, 4460.447, 918665.56, 2144732.2, 14398990.0, 16024574.0, 451376.25, 132453.36, 315494.75, 14636.527
s52815, 0.0, 0.0, 0.0, 663546.56, 136108.45, 155014.98, 0.0, 4348.7144, 0.0, 0.0, 271509.88, 889183.0, 3707136.5, 3776093.0, 38421.945, 11626.167, 81872.57, 0.0
s62900, 0.0, 0.0, 0.0, 1017339.6, 0.0, 250894.62, 2210.5771, 30003.395, 1122.8862, 1992290.8, 1066704.1, 836166.3, 5275774.0, 5198054.0, 487113.94, 358792.72, 85291.61, 0.0
s62907, 0.0, 0.0, 0.0, 67238.81, 0.0, 22291.777, 0.0, 0.0, 0.0, 376247.47, 75075.39, 160034.67, 242978.78, 242978.78, 67994.8, 67994.8, 5268.14, 0.0
s62930, 0.0, 0.0, 0.0, 427242.4, 0.0, 95486.59, 2974.3174, 5412.3447, 2294.4734, 1208847.1, 403580.47, 540577.3, 1291255.0, 1388353.6, 286669.25, 201523.58, 292397.38, 0.0
s62944, 0.0, 0.0, 0.0, 3965827.2, 25159.56, 1016560.0, 6029.5356, 53201.613, 10191.52, 12293484.0, 3908743.5, 5168872.0, 20622966.0, 21016586.0, 3364798.2, 2274640.0, 866950.94, 32644.883
s63000, 0.0, 0.0, 0.0, 4902338.5, 111100.78, 1116907.5, 12827.545, 51899.91, 33248.484, 30915404.0, 4492901.5, 15036453.0, 26680134.0, 25511770.0, 8673050.0, 6464992.5, 2443789.5, 59610.402
s63023, 0.0, 0.0, 0.0, 3883212.2, 48081.82, 747396.25, 11515.896, 110555.65, 27794.182, 20026356.0, 3688726.8, 8971497.0, 19082286.0, 18873078.0, 5608060.5, 4226655.5, 2269110.8, 98694.21
s63038, 0.0, 0.0, 0.0, 872055.56, 0.0, 38723.223, 0.0, 8509.74, 0.0, 4735261.5, 891426.7, 2020150.8, 4757016.0, 4791079.5, 967113.6, 693236.25, 202807.92, 0.0
s63044, 0.0, 0.0, 0.0, 5506.856, 0.0, 0.0, 0.0, 0.0, 0.0, 232829.66, 0.0, 116414.83, 9726.577, 0.0, 73643.64, 73643.64, 4345.4697, 0.0
s63100, 0.0, 0.0, 0.0, 490841.53, 1.2376906, 92713.74, 0.38677827, 14936.646, 995.44977, 1989484.5, 412545.66, 845213.0, 2401089.5, 2465696.0, 663970.6, 505461.16, 615000.2, 4523.845
s63123, 0.0, 0.0, 0.0, 15374.137, 0.0, 0.0, 0.0, 0.0, 208.54602, 404333.78, 12792.948, 185419.62, 87586.99, 77854.87, 109902.37, 102167.88, 8715.183, 0.0
s63144, 0.0, 0.0, 0.0, 76721.125, 0.0, 11864.431, 0.0, 0.0, 0.0, 70793.22, 65854.086, 47378.98, 773558.6, 773558.6, 63111.45, 54472.38, 21783.893, 0.0
s63200, 0.0, 0.0, 0.0, 94141.15, 0.0, 4800.6675, 0.0, 0.0, 0.0, 2222854.5, 97078.04, 1025831.94, 597930.75, 661131.6, 642050.1, 550249.44, 94672.9, 0.0
s63244, 0.0, 0.0, 0.0, 0.0, 0.0, 0.0, 0.0, 0.0, 0.0, 240462.11, 0.0, 120231.055, 0.0, 9726.577, 76057.766, 76057.766, 18730.05, 0.0
s63349, 0.0, 0.0, 0.0, 78371.95, 0.0, 82857.35, 0.0, 0.0, 0.0, 0.0, 120933.04, 0.0, 0.0, 0.0, 0.0, 0.0, 16812.625, 0.0
s73300, 0.0, 0.0, 0.0, 2014962.1, 78352.14, 425671.12, 0.0, 16078.2705, 6313.701, 2318022.2, 844450.3, 6291424.0, 8676077.0, 8655384.0, 838513.94, 366592.12, 560125.5, 6232.445
s73312, 0.0, 0.0, 0.0, 2876341.2, 0.0, 802188.1, 0.0, 9376.468, 0.0, 1664338.2, 1431217.2, 4355268.5, 9622737.0, 9584056.0, 630147.3, 170468.19, 530416.9, 91217.43
s73333, 0.0, 0.0, 0.0, 6319730.5, 99668.15, 1541998.0, 4901.099, 33747.113, 6775.05, 1096128.0, 2958981.2, 4673223.5, 24984322.0, 20802856.0, 604654.7, 261309.95, 326146.34, 42021.918
s73400, 0.0, 0.0, 0.0, 10620413.0, 80826.4, 2421388.8, 6399.04, 85358.17, 76761.2, 8119170.0, 5171598.0, 23268760.0, 42306216.0, 41518336.0, 3218016.5, 1272907.5, 1900293.6, 150994.88
s73443, 0.0, 0.0, 0.0, 466709.94, 0.0, 114666.984, 0.0, 5155.2085, 6968.4604, 313289.38, 275433.1, 875005.0, 1755043.6, 1716259.6, 115621.07, 52308.62, 135651.39, 4250.778
s73444, 0.0, 0.0, 0.0, 183455.06, 0.0, 34436.83, 0.0, 5102.268, 2067.0552, 162152.86, 111790.7, 329037.53, 548103.44, 543246.4, 46397.13, 22629.877, 29070.92, 996.70764
s73447, 0.0, 0.0, 0.0, 2922880.8, 46110.723, 751964.2, 83.90117, 14131.06, 6952.595, 841559.75, 1473023.8, 3078118.8, 10526355.0, 10288953.0, 418665.44, 228884.52, 314174.6, 39048.45
s73500, 0.0, 0.0, 0.0, 2550373.0, 964.55774, 491425.94, 187.39978, 30271.602, 18442.729, 1620160.5, 1196044.2, 5261649.0, 10101262.0, 10091546.0, 708426.75, 271640.25, 538531.0, 29433.518
s73512, 0.0, 0.0, 0.0, 8125730.5, 14313.187, 1799460.0, 3113.9666, 60257.957, 13948.091, 3290682.8, 3762812.5, 10292808.0, 31673798.0, 29888470.0, 1335860.0, 804223.9, 821073.94, 80863.41
s73533, 0.0, 0.0, 0.0, 7404258.0, 13390.231, 1551346.6, 0.0, 49594.56, 16357.611, 1720428.0, 3314515.5, 6252595.5, 27369532.0, 26702196.0, 828747.0, 513950.7, 424183.25, 0.0
s73549, 0.0, 0.0, 0.0, 1175430.6, 40.324986, 779116.8, 7.8345685, 10.798567, 10.830139, 72.124115, 592782.7, 154102.1, 822117.44, 854312.56, 33.642555, 33.642555, 31359.533, 0.0
s83600, 0.0, 0.0, 0.0, 1071551.5, 0.0, 55526.902, 0.0, 0.0, 0.0, 0.0, 1121013.6, 0.0, 14477217.0, 13742167.0, 781023.3, 373645.72, 154916.53, 0.0
s83700, 0.0, 0.0, 0.0, 12610105.0, 0.0, 934921.1, 35551.805, 134995.14, 49446.637, 1092823.8, 16239153.0, 598839.6, 215122450.0, 209222290.0, 9526417.0, 4868621.5, 1635565.1, 0.0
s83703, 0.0, 0.0, 0.0, 3377584.0, 0.0, 343235.88, 10137.912, 20360.922, 10609.441, 115158.43, 3265036.8, 148235.47, 57429560.0, 58370330.0, 2408604.2, 1569416.8, 520434.1, 0.0
s83706, 0.0, 0.0, 0.0, 148012.38, 0.0, 0.0, 0.0, 0.0, 0.0, 0.0, 58555.51, 0.0, 2083334.2, 2083334.2, 198421.4, 0.0, 9686.7295, 0.0
s83716, 0.0, 0.0, 0.0, 1034251.7, 0.0, 190763.02, 0.0, 30182.832, 0.0, 0.0, 3463059.8, 15476.833, 38116550.0, 35805732.0, 534502.0, 335226.1, 233662.86, 0.0
s83734, 0.0, 0.0, 0.0, 560367.6, 0.0, 82354.08, 0.0, 6383.958, 0.0, 0.0, 889395.3, 17855.771, 11583064.0, 10647734.0, 166737.88, 160909.56, 26311.418, 0.0
s83800, 0.0, 0.0, 0.0, 4459109.0, 797720.9, 455187.4, 20646.814, 35832.004, 63155.406, 826818.4, 4848250.5, 406586.44, 58300060.0, 57513790.0, 5230255.5, 2208161.5, 1373664.6, 2319.232
s83811, 0.0, 0.0, 0.0, 2454512.5, 0.0, 146865.56, 0.0, 10510.1, 0.0, 0.0, 1595849.9, 122609.39, 36710668.0, 35695132.0, 4858138.5, 2311090.5, 1074625.4, 0.0
s83826, 0.0, 0.0, 0.0, 4326255.0, 681104.9, 555196.44, 10639.212, 20919.824, 41268.363, 394794.47, 4272000.5, 368741.3, 60604180.0, 59428612.0, 6558892.5, 2578953.0, 1620541.4, 0.0
s83828, 0.0, 0.0, 0.0, 914074.3, 0.0, 126173.78, 0.0, 9970.161, 0.0, 0.0, 1568235.8, 0.0, 19765026.0, 18606312.0, 471541.72, 162662.97, 93549.19, 0.0
s83841, 0.0, 0.0, 0.0, 967865.1, 0.0, 23440.402, 0.0, 0.0, 0.0, 0.0, 591172.9, 24625.24, 15687660.0, 15175781.0, 2695235.0, 1406080.1, 446812.22, 0.0
s83900, 0.0, 0.0, 0.0, 3704708.8, 0.0, 208878.56, 0.0, 13400.276, 1020.02527, 4859.5083, 4080618.0, 293096.03, 63865184.0, 65241130.0, 5986618.5, 3163002.8, 1533527.9, 0.0
s83902, 0.0, 0.0, 0.0, 91456.39, 0.0, 0.0, 0.0, 0.0, 0.0, 0.0, 44923.535, 0.0, 610861.2, 610861.2, 11133.326, 11133.326, 0.0, 0.0
s83903, 0.0, 0.0, 0.0, 750161.44, 0.0, 50190.81, 9689.486, 8876.694, 10140.16, 142961.55, 1303475.8, 60171.87, 13286148.0, 12252364.0, 823294.9, 333986.78, 266767.75, 0.0
s83906, 0.0, 0.0, 0.0, 2324215.0, 0.0, 139985.95, 0.0, 6884.611, 562.9536, 774.0612, 2944139.2, 25364.584, 40954576.0, 40872988.0, 2970592.8, 1047819.8, 657723.25, 0.0
s83942, 0.0, 0.0, 0.0, 3583356.2, 0.0, 481194.38, 0.0, 22262.322, 0.0, 2981.858, 3208564.5, 70317.49, 60102696.0, 59231840.0, 3417260.0, 1603677.9, 696604.8, 0.0
s83946, 0.0, 0.0, 0.0, 0.0, 0.0, 0.0, 0.0, 6957.0015, 0.0, 0.0, 616279.56, 0.0, 0.0, 56957.65, 0.0, 0.0, 0.0, 0.0
s84000, 0.0, 0.0, 0.0, 1472909.2, 3418.678, 203313.23, 5524.891, 4043.3499, 134.06581, 182817.36, 1149241.4, 636234.2, 18897324.0, 18338380.0, 717014.7, 408501.12, 412732.16, 18176.043
s84033, 0.0, 0.0, 0.0, 2128684.8, 3817.124, 314582.38, 14697.232, 8063.4097, 74.21629, 2963.03, 2271823.0, 117067.586, 29273248.0, 28981104.0, 1085564.9, 848068.3, 372878.12, 5139.867
s84046, 0.0, 0.0, 0.0, 0.0, 0.0, 0.0, 0.0, 0.0, 0.0, 0.0, 102259.336, 0.0, 0.0, 0.0, 0.0, 0.0, 0.0, 0.0
s84049, 0.0, 0.0, 0.0, 1498421.0, 0.0, 746060.0, 0.0, 49531.184, 0.0, 0.0, 9707140.0, 0.0, 36609210.0, 35501436.0, 236678.25, 61323.14, 598744.4, 0.0
s84100, 0.0, 0.0, 0.0, 4149028.8, 10639.043, 405278.12, 7166.068, 16315.111, 2234.0964, 951697.7, 2686035.0, 1464314.2, 47751416.0, 47242180.0, 3370091.2, 2225483.5, 733825.44, 44573.82
s84123, 0.0, 0.0, 0.0, 456137.53, 0.0, 58174.69, 0.0, 5653.4175, 0.0, 54276.656, 381243.7, 27306.727, 6181037.0, 6442570.0, 260632.98, 164844.78, 71233.13, 1559.416
s84133, 0.0, 0.0, 0.0, 2648862.8, 4819.3423, 289343.97, 2251.0193, 20613.715, 0.0, 0.0, 2028213.4, 10510.189, 38562544.0, 37566452.0, 904317.94, 617817.6, 272877.7, 0.0
s84137, 0.0, 0.0, 0.0, 134160.28, 0.0, 34644.92, 0.0, 0.0, 0.0, 0.0, 99993.836, 0.0, 1820502.2, 1820502.2, 0.0, 0.0, 0.0, 0.0
s84146, 0.0, 0.0, 0.0, 6585834.5, 0.0, 1043000.75, 0.0, 76905.26, 0.0, 0.0, 9142340.0, 44442.99, 94768620.0, 84876350.0, 1486196.0, 1081562.4, 397752.5, 0.0
s84200, 0.0, 0.0, 0.0, 3252499.0, 0.0, 419809.25, 582.5321, 12017.309, 1145.8131, 1575.493, 3190557.5, 96059.9, 53039116.0, 53398396.0, 1934255.6, 976902.3, 420998.97, 12685.258
s84202, 0.0, 0.0, 0.0, 725847.94, 0.0, 144247.98, 0.0, 7776.5337, 0.0, 0.0, 1989414.5, 1465.5463, 14715726.0, 14014831.0, 223267.25, 186361.1, 41814.277, 0.0
s84205, 0.0, 0.0, 0.0, 1215367.9, 0.0, 204821.9, 0.0, 17439.893, 0.0, 0.0, 7045258.5, 0.0, 26829782.0, 27123534.0, 339856.22, 154981.9, 139169.17, 0.0
s84206, 0.0, 0.0, 0.0, 2014574.8, 0.0, 276727.56, 0.0, 8966.409, 0.0, 0.0, 2311062.2, 21943.953, 38983036.0, 37378772.0, 1538172.0, 715170.3, 351308.03, 0.0
s84216, 0.0, 0.0, 0.0, 0.0, 0.0, 0.0, 0.0, 0.0, 0.0, 0.0, 222569.34, 0.0, 0.0, 0.0, 0.0, 0.0, 0.0, 0.0
s84239, 0.0, 0.0, 0.0, 118600.77, 0.0, 29647.014, 0.0, 0.0, 0.0, 0.0, 63799.21, 0.0, 1050804.5, 1050804.5, 45818.117, 45818.117, 32852.156, 0.0
s84246, 0.0, 0.0, 0.0, 777410.06, 0.0, 152919.28, 0.0, 13880.043, 0.0, 0.0, 3405945.5, 0.0, 22835428.0, 20942794.0, 144998.75, 67833.37, 12953.023, 0.0
s84300, 0.0, 0.0, 0.0, 1318051.4, 0.0, 68210.28, 0.0, 3803.2676, 0.0, 0.0, 2276178.2, 29463.104, 24964762.0, 24915978.0, 839016.44, 466733.38, 160766.33, 0.0
s84302, 0.0, 0.0, 0.0, 0.0, 0.0, 0.0, 0.0, 0.0, 0.0, 0.0, 161360.25, 0.0, 0.0, 0.0, 0.0, 0.0, 0.0, 0.0
s84346, 0.0, 0.0, 0.0, 341955.72, 9515.225, 86633.6, 4490.549, 16685.998, 373.14606, 513.0758, 5821795.5, 15452.771, 14043957.0, 12763222.0, 83856.3, 83856.3, 296514.25, 0.0
s84349, 0.0, 0.0, 0.0, 1314855.9, 0.0, 170314.53, 0.0, 25145.121, 0.0, 0.0, 7731119.5, 0.0, 43250940.0, 40281620.0, 270405.56, 200193.5, 59493.06, 0.0
s84400, 0.0, 0.0, 0.0, 2922450.8, 56625.152, 315297.28, 12906.335, 11494.671, 3154.683, 1784668.9, 1851924.5, 1008739.8, 33793172.0, 33600720.0, 3561615.8, 2431986.2, 1069356.2, 95946.81
s84407, 0.0, 0.0, 0.0, 614779.44, 0.0, 26383.566, 0.0, 0.0, 0.0, 90184.75, 286554.97, 109238.7, 7532116.0, 7455291.5, 1216518.1, 598536.94, 300784.0, 0.0
s84423, 0.0, 0.0, 0.0, 311398.1, 478.4504, 2452.5938, 79.74174, 0.0, 136.98216, 793357.5, 137160.78, 259609.6, 3875761.5, 3867587.2, 1105580.0, 401565.75, 242399.98, 6105.236
s84430, 0.0, 0.0, 0.0, 308106.44, 0.0, 39445.633, 0.0, 653.95624, 0.0, 0.0, 195265.98, 11025.878, 3484116.8, 3484116.8, 111188.734, 107025.01, 32668.043, 0.0
s84433, 0.0, 0.0, 0.0, 73806.08, 0.0, 24309.33, 0.0, 0.0, 0.0, 0.0, 86452.72, 12851.84, 1558251.9, 1607193.2, 76997.34, 33173.13, 10113.084, 9096.259
s84437, 0.0, 0.0, 0.0, 4256093.0, 3766.955, 521444.25, 0.0, 12003.289, 0.0, 2417.5632, 2861856.8, 62603.33, 49104284.0, 48222684.0, 1437625.4, 1264705.5, 549148.1, 1698.8213
s84444, 0.0, 0.0, 0.0, 2744874.0, 30384.441, 284882.84, 0.0, 7209.369, 0.0, 324983.28, 1555421.2, 470139.78, 35194360.0, 35112180.0, 3719338.2, 1980239.6, 1229179.0, 52047.125
s84449, 0.0, 0.0, 0.0, 5667043.0, 29845.445, 828103.5, 128.28644, 49808.98, 30.185043, 41.504433, 6929666.5, 2326.7898, 81076480.0, 74744590.0, 762015.5, 635044.44, 295078.66, 17158.504
s84500, 0.0, 0.0, 0.0, 2716507.5, 17896.53, 225893.97, 30945.55, 7178.3623, 30590.75, 408691.6, 2155212.8, 214764.28, 35837800.0, 35462668.0, 2147075.8, 1173065.2, 428717.0, 10569.716
s84505, 0.0, 0.0, 0.0, 415160.66, 0.0, 109284.85, 0.0, 21755.59, 0.0, 0.0, 2158213.8, 0.0, 9430675.0, 8256600.0, 91331.414, 70641.16, 15353.09, 0.0
s84513, 0.0, 0.0, 0.0, 1895717.5, 0.0, 371243.62, 0.0, 37793.902, 0.0, 0.0, 3951238.5, 0.0, 27499906.0, 24922198.0, 363859.44, 190931.98, 83620.6, 0.0
s84516, 0.0, 0.0, 0.0, 426395.9, 0.0, 39322.707, 0.0, 5175.19, 0.0, 0.0, 474289.7, 0.0, 7905414.5, 7449459.0, 101606.516, 74323.14, 31023.56, 0.0
s84539, 0.0, 0.0, 0.0, 2500894.2, 0.0, 166726.83, 0.0, 17971.2, 0.0, 0.0, 2600881.5, 29152.31, 37872596.0, 34675780.0, 1710662.2, 796934.56, 195491.45, 0.0
s84600, 0.0, 0.0, 0.0, 7275313.5, 0.0, 813031.0, 5054.839, 44734.43, 5289.9473, 333335.56, 7277788.0, 224498.5, 97707180.0, 91740424.0, 2796209.8, 1871373.1, 760937.2, 0.0
s84605, 0.0, 0.0, 0.0, 2659521.8, 0.0, 539742.6, 0.0, 33190.203, 0.0, 0.0, 3866276.0, 0.0, 38542132.0, 32642062.0, 220624.12, 177565.72, 31316.367, 0.0
s84613, 0.0, 0.0, 0.0, 1689932.0, 0.0, 156998.86, 0.0, 14494.597, 0.0, 0.0, 1718552.4, 11056.86, 22769042.0, 20753652.0, 707495.0, 456557.0, 110176.6, 0.0
s84646, 0.0, 0.0, 0.0, 2137737.0, 0.0, 203522.45, 0.0, 28039.41, 0.0, 0.0, 4025200.0, 214526.06, 34764772.0, 31654748.0, 119947.875, 92953.21, 349810.34, 0.0
